 2.00      2.1040000      0.0000000      0.0482211   1   0    0  0  0    0  0  0    0
 1.00      0.0000000      0.0000000      0.0452343   2   0    0  0  0    0  0  0    0
 1.00      2.1040000      0.0000000     -2.0673344   3   0    0  0  0    0  0  0    0
 2.00      0.0000000      0.0000000     -2.0676832   4   0    0  0  0    0  0  0    0
 2.00      2.1040000      0.0000000     -4.1903844   5   0    0  0  0    0  0  0    0
 1.00      0.0000000      0.0000000     -4.1904716   6   0    0  0  0    0  0  0    0
 1.00      2.1040000      0.0000000     -6.3128602   7   0    0  0  0    0  0  0    0
 2.00      0.0000000      0.0000000     -6.3129505   8   0    0  0  0    0  0  0    0
 2.00      2.1040000      0.0000000     -8.4356513   9   0    0  0  0    0  0  0    0
 1.00      0.0000000      0.0000000     -8.4359978  10   0    0  0  0    0  0  0    0
 1.00      2.1040000      0.0000000    -10.5485672  11   0    0  0  0    0  0  0    0
 2.00      0.0000000      0.0000000    -10.5515549  12   0    0  0  0    0  0  0    0
 0.00      0.0000000      0.0000000      0.0000000   0   0    0  0  0    0  0  0    0
        -244.1705686        -282.9177670   81    1    0
    1            0.000000       0.000000       0.000046
    2            0.000000       0.000000       0.000084
    3            0.000000       0.000000       0.000096
    4            0.000000       0.000000       0.000000
    5            0.000000       0.000000      -0.000047
    6            0.000000       0.000000       0.000082
    7            0.000000       0.000000       0.000046
    8            0.000000       0.000000      -0.000081
    9            0.000000       0.000000      -0.000095
   10            0.000000       0.000000      -0.000002
   11            0.000000       0.000000      -0.000046
   12            0.000000       0.000000      -0.000083
 2.00      2.1040000      0.0000000      0.0482211   1   0    0  0  0    0  0  0    0
 1.00      0.0000000      0.0000000      0.0452343   2   0    0  0  0    0  0  0    0
 1.00      2.1040000      0.0000000     -2.0673344   3   0    0  0  0    0  0  0    0
 2.00      0.0000000      0.0000000     -2.0676832   4   0    0  0  0    0  0  0    0
 2.00      2.1040000      0.0000000     -4.1903844   5   0    0  0  0    0  0  0    0
 1.00      0.0000000      0.0000000     -4.1904716   6   0    0  0  0    0  0  0    0
 1.00      2.1040000      0.0000000     -6.3128602   7   0    0  0  0    0  0  0    0
 2.00      0.0000000      0.0000000     -6.3129505   8   0    0  0  0    0  0  0    0
 2.00      2.1040000      0.0000000     -8.4356513   9   0    0  0  0    0  0  0    0
 1.00      0.0000000      0.0000000     -8.4359978  10   0    0  0  0    0  0  0    0
 1.00      2.1040000      0.0000000    -10.5485672  11   0    0  0  0    0  0  0    0
 2.00      0.0000000      0.0000000    -10.5515549  12   0    0  0  0    0  0  0    0
 0.00      0.0000000      0.0000000      0.0000000   0   0    0  0  0    0  0  0    0
        -244.1705686        -282.9177670   81    1    0
    1            0.000000       0.000000       0.000046
    2            0.000000       0.000000       0.000084
    3            0.000000       0.000000       0.000096
    4            0.000000       0.000000       0.000000
    5            0.000000       0.000000      -0.000047
    6            0.000000       0.000000       0.000082
    7            0.000000       0.000000       0.000046
    8            0.000000       0.000000      -0.000081
    9            0.000000       0.000000      -0.000095
   10            0.000000       0.000000      -0.000002
   11            0.000000       0.000000      -0.000046
   12            0.000000       0.000000      -0.000083
 2.00      2.1040000      0.0000000      0.0482200   1   0    0  0  0    0  0  0    0
 1.00      0.0000000      0.0000000      0.0452323   2   0    0  0  0    0  0  0    0
 1.00      2.1040000      0.0000000     -2.0673367   3   0    0  0  0    0  0  0    0
 2.00      0.0000000      0.0000000     -2.0676832   4   0    0  0  0    0  0  0    0
 2.00      2.1040000      0.0000000     -4.1903833   5   0    0  0  0    0  0  0    0
 1.00      0.0000000      0.0000000     -4.1904736   6   0    0  0  0    0  0  0    0
 1.00      2.1040000      0.0000000     -6.3128613   7   0    0  0  0    0  0  0    0
 2.00      0.0000000      0.0000000     -6.3129486   8   0    0  0  0    0  0  0    0
 2.00      2.1040000      0.0000000     -8.4356490   9   0    0  0  0    0  0  0    0
 1.00      0.0000000      0.0000000     -8.4359978  10   0    0  0  0    0  0  0    0
 1.00      2.1040000      0.0000000    -10.5485661  11   0    0  0  0    0  0  0    0
 2.00      0.0000000      0.0000000    -10.5515529  12   0    0  0  0    0  0  0    0
 0.00      0.0000000      0.0000000      0.0000000   0   0    0  0  0    0  0  0    0
        -244.1705686        -282.9177900   81    1    0
    1            0.000000       0.000000       0.000082
    2            0.000000       0.000000       0.000044
    3            0.000000       0.000000      -0.000001
    4            0.000000       0.000000       0.000094
    5            0.000000       0.000000       0.000081
    6            0.000000       0.000000      -0.000047
    7            0.000000       0.000000      -0.000080
    8            0.000000       0.000000       0.000046
    9            0.000000       0.000000      -0.000001
   10            0.000000       0.000000      -0.000093
   11            0.000000       0.000000      -0.000082
   12            0.000000       0.000000      -0.000044
 2.00      2.1040000      0.0000000      0.0482181   1   0    0  0  0    0  0  0    0
 1.00      0.0000000      0.0000000      0.0452312   2   0    0  0  0    0  0  0    0
 1.00      2.1040000      0.0000000     -2.0673367   3   0    0  0  0    0  0  0    0
 2.00      0.0000000      0.0000000     -2.0676854   4   0    0  0  0    0  0  0    0
 2.00      2.1040000      0.0000000     -4.1903852   5   0    0  0  0    0  0  0    0
 1.00      0.0000000      0.0000000     -4.1904725   6   0    0  0  0    0  0  0    0
 1.00      2.1040000      0.0000000     -6.3128594   7   0    0  0  0    0  0  0    0
 2.00      0.0000000      0.0000000     -6.3129496   8   0    0  0  0    0  0  0    0
 2.00      2.1040000      0.0000000     -8.4356490   9   0    0  0  0    0  0  0    0
 1.00      0.0000000      0.0000000     -8.4359956  10   0    0  0  0    0  0  0    0
 1.00      2.1040000      0.0000000    -10.5485641  11   0    0  0  0    0  0  0    0
 2.00      0.0000000      0.0000000    -10.5515518  12   0    0  0  0    0  0  0    0
 0.00      0.0000000      0.0000000      0.0000000   0   0    0  0  0    0  0  0    0
        -244.1705686        -282.9178118   81    1    0
    1            0.000000       0.000000       0.000043
    2            0.000000       0.000000       0.000080
    3            0.000000       0.000000       0.000090
    4            0.000000       0.000000       0.000000
    5            0.000000       0.000000      -0.000044
    6            0.000000       0.000000       0.000077
    7            0.000000       0.000000       0.000043
    8            0.000000       0.000000      -0.000077
    9            0.000000       0.000000      -0.000089
   10            0.000000       0.000000      -0.000002
   11            0.000000       0.000000      -0.000043
   12            0.000000       0.000000      -0.000079
 2.00      2.1040000      0.0000000      0.0482170   1   0    0  0  0    0  0  0    0
 1.00      0.0000000      0.0000000      0.0452293   2   0    0  0  0    0  0  0    0
 1.00      2.1040000      0.0000000     -2.0673389   3   0    0  0  0    0  0  0    0
 2.00      0.0000000      0.0000000     -2.0676854   4   0    0  0  0    0  0  0    0
 2.00      2.1040000      0.0000000     -4.1903841   5   0    0  0  0    0  0  0    0
 1.00      0.0000000      0.0000000     -4.1904743   6   0    0  0  0    0  0  0    0
 1.00      2.1040000      0.0000000     -6.3128605   7   0    0  0  0    0  0  0    0
 2.00      0.0000000      0.0000000     -6.3129478   8   0    0  0  0    0  0  0    0
 2.00      2.1040000      0.0000000     -8.4356468   9   0    0  0  0    0  0  0    0
 1.00      0.0000000      0.0000000     -8.4359955  10   0    0  0  0    0  0  0    0
 1.00      2.1040000      0.0000000    -10.5485631  11   0    0  0  0    0  0  0    0
 2.00      0.0000000      0.0000000    -10.5515499  12   0    0  0  0    0  0  0    0
 0.00      0.0000000      0.0000000      0.0000000   0   0    0  0  0    0  0  0    0
        -244.1705686        -282.9178335   81    1    0
    1            0.000000       0.000000       0.000078
    2            0.000000       0.000000       0.000041
    3            0.000000       0.000000       0.000000
    4            0.000000       0.000000       0.000089
    5            0.000000       0.000000       0.000076
    6            0.000000       0.000000      -0.000044
    7            0.000000       0.000000      -0.000076
    8            0.000000       0.000000       0.000043
    9            0.000000       0.000000      -0.000001
   10            0.000000       0.000000      -0.000087
   11            0.000000       0.000000      -0.000077
   12            0.000000       0.000000      -0.000042
 2.00      2.1040000      0.0000000      0.0482152   1   0    0  0  0    0  0  0    0
 1.00      0.0000000      0.0000000      0.0452283   2   0    0  0  0    0  0  0    0
 1.00      2.1040000      0.0000000     -2.0673389   3   0    0  0  0    0  0  0    0
 2.00      0.0000000      0.0000000     -2.0676875   4   0    0  0  0    0  0  0    0
 2.00      2.1040000      0.0000000     -4.1903859   5   0    0  0  0    0  0  0    0
 1.00      0.0000000      0.0000000     -4.1904733   6   0    0  0  0    0  0  0    0
 1.00      2.1040000      0.0000000     -6.3128587   7   0    0  0  0    0  0  0    0
 2.00      0.0000000      0.0000000     -6.3129488   8   0    0  0  0    0  0  0    0
 2.00      2.1040000      0.0000000     -8.4356468   9   0    0  0  0    0  0  0    0
 1.00      0.0000000      0.0000000     -8.4359935  10   0    0  0  0    0  0  0    0
 1.00      2.1040000      0.0000000    -10.5485613  11   0    0  0  0    0  0  0    0
 2.00      0.0000000      0.0000000    -10.5515489  12   0    0  0  0    0  0  0    0
 0.00      0.0000000      0.0000000      0.0000000   0   0    0  0  0    0  0  0    0
        -244.1705686        -282.9178542   81    1    0
    1            0.000000       0.000000       0.000040
    2            0.000000       0.000000       0.000075
    3            0.000000       0.000000       0.000085
    4            0.000000       0.000000       0.000000
    5            0.000000       0.000000      -0.000041
    6            0.000000       0.000000       0.000073
    7            0.000000       0.000000       0.000041
    8            0.000000       0.000000      -0.000072
    9            0.000000       0.000000      -0.000084
   10            0.000000       0.000000      -0.000002
   11            0.000000       0.000000      -0.000041
   12            0.000000       0.000000      -0.000075
 2.00      2.1040000      0.0000000      0.0482142   1   0    0  0  0    0  0  0    0
 1.00      0.0000000      0.0000000      0.0452265   2   0    0  0  0    0  0  0    0
 1.00      2.1040000      0.0000000     -2.0673409   3   0    0  0  0    0  0  0    0
 2.00      0.0000000      0.0000000     -2.0676875   4   0    0  0  0    0  0  0    0
 2.00      2.1040000      0.0000000     -4.1903849   5   0    0  0  0    0  0  0    0
 1.00      0.0000000      0.0000000     -4.1904751   6   0    0  0  0    0  0  0    0
 1.00      2.1040000      0.0000000     -6.3128597   7   0    0  0  0    0  0  0    0
 2.00      0.0000000      0.0000000     -6.3129471   8   0    0  0  0    0  0  0    0
 2.00      2.1040000      0.0000000     -8.4356448   9   0    0  0  0    0  0  0    0
 1.00      0.0000000      0.0000000     -8.4359934  10   0    0  0  0    0  0  0    0
 1.00      2.1040000      0.0000000    -10.5485603  11   0    0  0  0    0  0  0    0
 2.00      0.0000000      0.0000000    -10.5515472  12   0    0  0  0    0  0  0    0
 0.00      0.0000000      0.0000000      0.0000000   0   0    0  0  0    0  0  0    0
        -244.1705686        -282.9178746   81    1    0
    1            0.000000       0.000000       0.000073
    2            0.000000       0.000000       0.000039
    3            0.000000       0.000000       0.000000
    4            0.000000       0.000000       0.000083
    5            0.000000       0.000000       0.000072
    6            0.000000       0.000000      -0.000041
    7            0.000000       0.000000      -0.000071
    8            0.000000       0.000000       0.000041
    9            0.000000       0.000000       0.000000
   10            0.000000       0.000000      -0.000082
   11            0.000000       0.000000      -0.000073
   12            0.000000       0.000000      -0.000039
 2.00      2.1040000      0.0000000      0.0482125   1   0    0  0  0    0  0  0    0
 1.00      0.0000000      0.0000000      0.0452256   2   0    0  0  0    0  0  0    0
 1.00      2.1040000      0.0000000     -2.0673409   3   0    0  0  0    0  0  0    0
 2.00      0.0000000      0.0000000     -2.0676895   4   0    0  0  0    0  0  0    0
 2.00      2.1040000      0.0000000     -4.1903866   5   0    0  0  0    0  0  0    0
 1.00      0.0000000      0.0000000     -4.1904741   6   0    0  0  0    0  0  0    0
 1.00      2.1040000      0.0000000     -6.3128580   7   0    0  0  0    0  0  0    0
 2.00      0.0000000      0.0000000     -6.3129480   8   0    0  0  0    0  0  0    0
 2.00      2.1040000      0.0000000     -8.4356448   9   0    0  0  0    0  0  0    0
 1.00      0.0000000      0.0000000     -8.4359915  10   0    0  0  0    0  0  0    0
 1.00      2.1040000      0.0000000    -10.5485586  11   0    0  0  0    0  0  0    0
 2.00      0.0000000      0.0000000    -10.5515462  12   0    0  0  0    0  0  0    0
 0.00      0.0000000      0.0000000      0.0000000   0   0    0  0  0    0  0  0    0
        -244.1705686        -282.9178941   81    1    0
    1            0.000000       0.000000       0.000038
    2            0.000000       0.000000       0.000071
    3            0.000000       0.000000       0.000080
    4            0.000000       0.000000       0.000000
    5            0.000000       0.000000      -0.000039
    6            0.000000       0.000000       0.000068
    7            0.000000       0.000000       0.000039
    8            0.000000       0.000000      -0.000068
    9            0.000000       0.000000      -0.000079
   10            0.000000       0.000000      -0.000001
   11            0.000000       0.000000      -0.000038
   12            0.000000       0.000000      -0.000070
 2.00      2.1040000      0.0000000      0.0482116   1   0    0  0  0    0  0  0    0
 1.00      0.0000000      0.0000000      0.0452239   2   0    0  0  0    0  0  0    0
 1.00      2.1040000      0.0000000     -2.0673428   3   0    0  0  0    0  0  0    0
 2.00      0.0000000      0.0000000     -2.0676895   4   0    0  0  0    0  0  0    0
 2.00      2.1040000      0.0000000     -4.1903857   5   0    0  0  0    0  0  0    0
 1.00      0.0000000      0.0000000     -4.1904757   6   0    0  0  0    0  0  0    0
 1.00      2.1040000      0.0000000     -6.3128589   7   0    0  0  0    0  0  0    0
 2.00      0.0000000      0.0000000     -6.3129464   8   0    0  0  0    0  0  0    0
 2.00      2.1040000      0.0000000     -8.4356429   9   0    0  0  0    0  0  0    0
 1.00      0.0000000      0.0000000     -8.4359914  10   0    0  0  0    0  0  0    0
 1.00      2.1040000      0.0000000    -10.5485576  11   0    0  0  0    0  0  0    0
 2.00      0.0000000      0.0000000    -10.5515445  12   0    0  0  0    0  0  0    0
 0.00      0.0000000      0.0000000      0.0000000   0   0    0  0  0    0  0  0    0
        -244.1705686        -282.9179134   81    1    0
    1            0.000000       0.000000       0.000069
    2            0.000000       0.000000       0.000036
    3            0.000000       0.000000       0.000000
    4            0.000000       0.000000       0.000078
    5            0.000000       0.000000       0.000068
    6            0.000000       0.000000      -0.000039
    7            0.000000       0.000000      -0.000067
    8            0.000000       0.000000       0.000039
    9            0.000000       0.000000       0.000000
   10            0.000000       0.000000      -0.000078
   11            0.000000       0.000000      -0.000069
   12            0.000000       0.000000      -0.000037
 2.00      2.1040000      0.0000000      0.0482099   1   0    0  0  0    0  0  0    0
 1.00      0.0000000      0.0000000      0.0452230   2   0    0  0  0    0  0  0    0
 1.00      2.1040000      0.0000000     -2.0673428   3   0    0  0  0    0  0  0    0
 2.00      0.0000000      0.0000000     -2.0676914   4   0    0  0  0    0  0  0    0
 2.00      2.1040000      0.0000000     -4.1903873   5   0    0  0  0    0  0  0    0
 1.00      0.0000000      0.0000000     -4.1904748   6   0    0  0  0    0  0  0    0
 1.00      2.1040000      0.0000000     -6.3128573   7   0    0  0  0    0  0  0    0
 2.00      0.0000000      0.0000000     -6.3129473   8   0    0  0  0    0  0  0    0
 2.00      2.1040000      0.0000000     -8.4356429   9   0    0  0  0    0  0  0    0
 1.00      0.0000000      0.0000000     -8.4359896  10   0    0  0  0    0  0  0    0
 1.00      2.1040000      0.0000000    -10.5485560  11   0    0  0  0    0  0  0    0
 2.00      0.0000000      0.0000000    -10.5515437  12   0    0  0  0    0  0  0    0
 0.00      0.0000000      0.0000000      0.0000000   0   0    0  0  0    0  0  0    0
        -244.1705686        -282.9179317   81    1    0
    1            0.000000       0.000000       0.000036
    2            0.000000       0.000000       0.000067
    3            0.000000       0.000000       0.000075
    4            0.000000       0.000000       0.000000
    5            0.000000       0.000000      -0.000037
    6            0.000000       0.000000       0.000064
    7            0.000000       0.000000       0.000036
    8            0.000000       0.000000      -0.000064
    9            0.000000       0.000000      -0.000075
   10            0.000000       0.000000      -0.000001
   11            0.000000       0.000000      -0.000036
   12            0.000000       0.000000      -0.000066
 2.00      2.1040000      0.0000000      0.0482091   1   0    0  0  0    0  0  0    0
 1.00      0.0000000      0.0000000      0.0452214   2   0    0  0  0    0  0  0    0
 1.00      2.1040000      0.0000000     -2.0673447   3   0    0  0  0    0  0  0    0
 2.00      0.0000000      0.0000000     -2.0676914   4   0    0  0  0    0  0  0    0
 2.00      2.1040000      0.0000000     -4.1903864   5   0    0  0  0    0  0  0    0
 1.00      0.0000000      0.0000000     -4.1904764   6   0    0  0  0    0  0  0    0
 1.00      2.1040000      0.0000000     -6.3128582   7   0    0  0  0    0  0  0    0
 2.00      0.0000000      0.0000000     -6.3129458   8   0    0  0  0    0  0  0    0
 2.00      2.1040000      0.0000000     -8.4356411   9   0    0  0  0    0  0  0    0
 1.00      0.0000000      0.0000000     -8.4359896  10   0    0  0  0    0  0  0    0
 1.00      2.1040000      0.0000000    -10.5485551  11   0    0  0  0    0  0  0    0
 2.00      0.0000000      0.0000000    -10.5515421  12   0    0  0  0    0  0  0    0
 0.00      0.0000000      0.0000000      0.0000000   0   0    0  0  0    0  0  0    0
        -244.1705686        -282.9179499   81    1    0
    1            0.000000       0.000000       0.000065
    2            0.000000       0.000000       0.000034
    3            0.000000       0.000000       0.000000
    4            0.000000       0.000000       0.000074
    5            0.000000       0.000000       0.000064
    6            0.000000       0.000000      -0.000037
    7            0.000000       0.000000      -0.000063
    8            0.000000       0.000000       0.000036
    9            0.000000       0.000000       0.000000
   10            0.000000       0.000000      -0.000073
   11            0.000000       0.000000      -0.000065
   12            0.000000       0.000000      -0.000035
 2.00      2.1040000      0.0000000      0.0482075   1   0    0  0  0    0  0  0    0
 1.00      0.0000000      0.0000000      0.0452206   2   0    0  0  0    0  0  0    0
 1.00      2.1040000      0.0000000     -2.0673447   3   0    0  0  0    0  0  0    0
 2.00      0.0000000      0.0000000     -2.0676931   4   0    0  0  0    0  0  0    0
 2.00      2.1040000      0.0000000     -4.1903879   5   0    0  0  0    0  0  0    0
 1.00      0.0000000      0.0000000     -4.1904755   6   0    0  0  0    0  0  0    0
 1.00      2.1040000      0.0000000     -6.3128567   7   0    0  0  0    0  0  0    0
 2.00      0.0000000      0.0000000     -6.3129466   8   0    0  0  0    0  0  0    0
 2.00      2.1040000      0.0000000     -8.4356411   9   0    0  0  0    0  0  0    0
 1.00      0.0000000      0.0000000     -8.4359878  10   0    0  0  0    0  0  0    0
 1.00      2.1040000      0.0000000    -10.5485536  11   0    0  0  0    0  0  0    0
 2.00      0.0000000      0.0000000    -10.5515412  12   0    0  0  0    0  0  0    0
 0.00      0.0000000      0.0000000      0.0000000   0   0    0  0  0    0  0  0    0
        -244.1705686        -282.9179671   81    1    0
    1            0.000000       0.000000       0.000034
    2            0.000000       0.000000       0.000063
    3            0.000000       0.000000       0.000071
    4            0.000000       0.000000       0.000000
    5            0.000000       0.000000      -0.000035
    6            0.000000       0.000000       0.000061
    7            0.000000       0.000000       0.000034
    8            0.000000       0.000000      -0.000061
    9            0.000000       0.000000      -0.000071
   10            0.000000       0.000000      -0.000001
   11            0.000000       0.000000      -0.000034
   12            0.000000       0.000000      -0.000063
 2.00      2.1040000      0.0000000      0.0482067   1   0    0  0  0    0  0  0    0
 1.00      0.0000000      0.0000000      0.0452191   2   0    0  0  0    0  0  0    0
 1.00      2.1040000      0.0000000     -2.0673464   3   0    0  0  0    0  0  0    0
 2.00      0.0000000      0.0000000     -2.0676931   4   0    0  0  0    0  0  0    0
 2.00      2.1040000      0.0000000     -4.1903870   5   0    0  0  0    0  0  0    0
 1.00      0.0000000      0.0000000     -4.1904770   6   0    0  0  0    0  0  0    0
 1.00      2.1040000      0.0000000     -6.3128575   7   0    0  0  0    0  0  0    0
 2.00      0.0000000      0.0000000     -6.3129452   8   0    0  0  0    0  0  0    0
 2.00      2.1040000      0.0000000     -8.4356394   9   0    0  0  0    0  0  0    0
 1.00      0.0000000      0.0000000     -8.4359878  10   0    0  0  0    0  0  0    0
 1.00      2.1040000      0.0000000    -10.5485528  11   0    0  0  0    0  0  0    0
 2.00      0.0000000      0.0000000    -10.5515397  12   0    0  0  0    0  0  0    0
 0.00      0.0000000      0.0000000      0.0000000   0   0    0  0  0    0  0  0    0
        -244.1705686        -282.9179843   81    1    0
    1            0.000000       0.000000       0.000061
    2            0.000000       0.000000       0.000032
    3            0.000000       0.000000       0.000000
    4            0.000000       0.000000       0.000070
    5            0.000000       0.000000       0.000060
    6            0.000000       0.000000      -0.000034
    7            0.000000       0.000000      -0.000060
    8            0.000000       0.000000       0.000034
    9            0.000000       0.000000       0.000000
   10            0.000000       0.000000      -0.000069
   11            0.000000       0.000000      -0.000061
   12            0.000000       0.000000      -0.000033
 2.00      2.1040000      0.0000000      0.0482053   1   0    0  0  0    0  0  0    0
 1.00      0.0000000      0.0000000      0.0452183   2   0    0  0  0    0  0  0    0
 1.00      2.1040000      0.0000000     -2.0673464   3   0    0  0  0    0  0  0    0
 2.00      0.0000000      0.0000000     -2.0676948   4   0    0  0  0    0  0  0    0
 2.00      2.1040000      0.0000000     -4.1903885   5   0    0  0  0    0  0  0    0
 1.00      0.0000000      0.0000000     -4.1904762   6   0    0  0  0    0  0  0    0
 1.00      2.1040000      0.0000000     -6.3128561   7   0    0  0  0    0  0  0    0
 2.00      0.0000000      0.0000000     -6.3129460   8   0    0  0  0    0  0  0    0
 2.00      2.1040000      0.0000000     -8.4356394   9   0    0  0  0    0  0  0    0
 1.00      0.0000000      0.0000000     -8.4359862  10   0    0  0  0    0  0  0    0
 1.00      2.1040000      0.0000000    -10.5485513  11   0    0  0  0    0  0  0    0
 2.00      0.0000000      0.0000000    -10.5515389  12   0    0  0  0    0  0  0    0
 0.00      0.0000000      0.0000000      0.0000000   0   0    0  0  0    0  0  0    0
        -244.1705686        -282.9180006   81    1    0
    1            0.000000       0.000000       0.000032
    2            0.000000       0.000000       0.000059
    3            0.000000       0.000000       0.000067
    4            0.000000       0.000000       0.000000
    5            0.000000       0.000000      -0.000033
    6            0.000000       0.000000       0.000057
    7            0.000000       0.000000       0.000032
    8            0.000000       0.000000      -0.000057
    9            0.000000       0.000000      -0.000066
   10            0.000000       0.000000      -0.000001
   11            0.000000       0.000000      -0.000032
   12            0.000000       0.000000      -0.000059
 2.00      2.1040000      0.0000000      0.0482045   1   0    0  0  0    0  0  0    0
 1.00      0.0000000      0.0000000      0.0452169   2   0    0  0  0    0  0  0    0
 1.00      2.1040000      0.0000000     -2.0673480   3   0    0  0  0    0  0  0    0
 2.00      0.0000000      0.0000000     -2.0676948   4   0    0  0  0    0  0  0    0
 2.00      2.1040000      0.0000000     -4.1903877   5   0    0  0  0    0  0  0    0
 1.00      0.0000000      0.0000000     -4.1904775   6   0    0  0  0    0  0  0    0
 1.00      2.1040000      0.0000000     -6.3128569   7   0    0  0  0    0  0  0    0
 2.00      0.0000000      0.0000000     -6.3129446   8   0    0  0  0    0  0  0    0
 2.00      2.1040000      0.0000000     -8.4356378   9   0    0  0  0    0  0  0    0
 1.00      0.0000000      0.0000000     -8.4359862  10   0    0  0  0    0  0  0    0
 1.00      2.1040000      0.0000000    -10.5485506  11   0    0  0  0    0  0  0    0
 2.00      0.0000000      0.0000000    -10.5515375  12   0    0  0  0    0  0  0    0
 0.00      0.0000000      0.0000000      0.0000000   0   0    0  0  0    0  0  0    0
        -244.1705686        -282.9180167   81    1    0
    1            0.000000       0.000000       0.000058
    2            0.000000       0.000000       0.000031
    3            0.000000       0.000000       0.000000
    4            0.000000       0.000000       0.000065
    5            0.000000       0.000000       0.000056
    6            0.000000       0.000000      -0.000032
    7            0.000000       0.000000      -0.000056
    8            0.000000       0.000000       0.000032
    9            0.000000       0.000000       0.000000
   10            0.000000       0.000000      -0.000065
   11            0.000000       0.000000      -0.000058
   12            0.000000       0.000000      -0.000031
 2.00      2.1040000      0.0000000      0.0482031   1   0    0  0  0    0  0  0    0
 1.00      0.0000000      0.0000000      0.0452162   2   0    0  0  0    0  0  0    0
 1.00      2.1040000      0.0000000     -2.0673480   3   0    0  0  0    0  0  0    0
 2.00      0.0000000      0.0000000     -2.0676963   4   0    0  0  0    0  0  0    0
 2.00      2.1040000      0.0000000     -4.1903890   5   0    0  0  0    0  0  0    0
 1.00      0.0000000      0.0000000     -4.1904768   6   0    0  0  0    0  0  0    0
 1.00      2.1040000      0.0000000     -6.3128556   7   0    0  0  0    0  0  0    0
 2.00      0.0000000      0.0000000     -6.3129454   8   0    0  0  0    0  0  0    0
 2.00      2.1040000      0.0000000     -8.4356378   9   0    0  0  0    0  0  0    0
 1.00      0.0000000      0.0000000     -8.4359846  10   0    0  0  0    0  0  0    0
 1.00      2.1040000      0.0000000    -10.5485492  11   0    0  0  0    0  0  0    0
 2.00      0.0000000      0.0000000    -10.5515368  12   0    0  0  0    0  0  0    0
 0.00      0.0000000      0.0000000      0.0000000   0   0    0  0  0    0  0  0    0
        -244.1705686        -282.9180320   81    1    0
    1            0.000000       0.000000       0.000030
    2            0.000000       0.000000       0.000056
    3            0.000000       0.000000       0.000063
    4            0.000000       0.000000       0.000001
    5            0.000000       0.000000      -0.000031
    6            0.000000       0.000000       0.000054
    7            0.000000       0.000000       0.000030
    8            0.000000       0.000000      -0.000054
    9            0.000000       0.000000      -0.000063
   10            0.000000       0.000000      -0.000001
   11            0.000000       0.000000      -0.000030
   12            0.000000       0.000000      -0.000056
 2.00      2.1040000      0.0000000      0.0482024   1   0    0  0  0    0  0  0    0
 1.00      0.0000000      0.0000000      0.0452148   2   0    0  0  0    0  0  0    0
 1.00      2.1040000      0.0000000     -2.0673495   3   0    0  0  0    0  0  0    0
 2.00      0.0000000      0.0000000     -2.0676964   4   0    0  0  0    0  0  0    0
 2.00      2.1040000      0.0000000     -4.1903883   5   0    0  0  0    0  0  0    0
 1.00      0.0000000      0.0000000     -4.1904781   6   0    0  0  0    0  0  0    0
 1.00      2.1040000      0.0000000     -6.3128563   7   0    0  0  0    0  0  0    0
 2.00      0.0000000      0.0000000     -6.3129441   8   0    0  0  0    0  0  0    0
 2.00      2.1040000      0.0000000     -8.4356362   9   0    0  0  0    0  0  0    0
 1.00      0.0000000      0.0000000     -8.4359846  10   0    0  0  0    0  0  0    0
 1.00      2.1040000      0.0000000    -10.5485485  11   0    0  0  0    0  0  0    0
 2.00      0.0000000      0.0000000    -10.5515355  12   0    0  0  0    0  0  0    0
 0.00      0.0000000      0.0000000      0.0000000   0   0    0  0  0    0  0  0    0
        -244.1705686        -282.9180472   81    1    0
    1            0.000000       0.000000       0.000054
    2            0.000000       0.000000       0.000029
    3            0.000000       0.000000       0.000000
    4            0.000000       0.000000       0.000062
    5            0.000000       0.000000       0.000053
    6            0.000000       0.000000      -0.000031
    7            0.000000       0.000000      -0.000053
    8            0.000000       0.000000       0.000031
    9            0.000000       0.000000       0.000000
   10            0.000000       0.000000      -0.000061
   11            0.000000       0.000000      -0.000054
   12            0.000000       0.000000      -0.000029
 2.00      2.1040000      0.0000000      0.0482011   1   0    0  0  0    0  0  0    0
 1.00      0.0000000      0.0000000      0.0452141   2   0    0  0  0    0  0  0    0
 1.00      2.1040000      0.0000000     -2.0673495   3   0    0  0  0    0  0  0    0
 2.00      0.0000000      0.0000000     -2.0676978   4   0    0  0  0    0  0  0    0
 2.00      2.1040000      0.0000000     -4.1903895   5   0    0  0  0    0  0  0    0
 1.00      0.0000000      0.0000000     -4.1904773   6   0    0  0  0    0  0  0    0
 1.00      2.1040000      0.0000000     -6.3128551   7   0    0  0  0    0  0  0    0
 2.00      0.0000000      0.0000000     -6.3129448   8   0    0  0  0    0  0  0    0
 2.00      2.1040000      0.0000000     -8.4356362   9   0    0  0  0    0  0  0    0
 1.00      0.0000000      0.0000000     -8.4359832  10   0    0  0  0    0  0  0    0
 1.00      2.1040000      0.0000000    -10.5485472  11   0    0  0  0    0  0  0    0
 2.00      0.0000000      0.0000000    -10.5515348  12   0    0  0  0    0  0  0    0
 0.00      0.0000000      0.0000000      0.0000000   0   0    0  0  0    0  0  0    0
        -244.1705686        -282.9180617   81    1    0
    1            0.000000       0.000000       0.000028
    2            0.000000       0.000000       0.000053
    3            0.000000       0.000000       0.000059
    4            0.000000       0.000000       0.000000
    5            0.000000       0.000000      -0.000029
    6            0.000000       0.000000       0.000051
    7            0.000000       0.000000       0.000029
    8            0.000000       0.000000      -0.000051
    9            0.000000       0.000000      -0.000059
   10            0.000000       0.000000      -0.000001
   11            0.000000       0.000000      -0.000028
   12            0.000000       0.000000      -0.000052
 2.00      2.1040000      0.0000000      0.0482004   1   0    0  0  0    0  0  0    0
 1.00      0.0000000      0.0000000      0.0452129   2   0    0  0  0    0  0  0    0
 1.00      2.1040000      0.0000000     -2.0673509   3   0    0  0  0    0  0  0    0
 2.00      0.0000000      0.0000000     -2.0676978   4   0    0  0  0    0  0  0    0
 2.00      2.1040000      0.0000000     -4.1903888   5   0    0  0  0    0  0  0    0
 1.00      0.0000000      0.0000000     -4.1904786   6   0    0  0  0    0  0  0    0
 1.00      2.1040000      0.0000000     -6.3128557   7   0    0  0  0    0  0  0    0
 2.00      0.0000000      0.0000000     -6.3129436   8   0    0  0  0    0  0  0    0
 2.00      2.1040000      0.0000000     -8.4356348   9   0    0  0  0    0  0  0    0
 1.00      0.0000000      0.0000000     -8.4359831  10   0    0  0  0    0  0  0    0
 1.00      2.1040000      0.0000000    -10.5485465  11   0    0  0  0    0  0  0    0
 2.00      0.0000000      0.0000000    -10.5515335  12   0    0  0  0    0  0  0    0
 0.00      0.0000000      0.0000000      0.0000000   0   0    0  0  0    0  0  0    0
        -244.1705686        -282.9180760   81    1    0
    1            0.000000       0.000000       0.000051
    2            0.000000       0.000000       0.000027
    3            0.000000       0.000000       0.000000
    4            0.000000       0.000000       0.000058
    5            0.000000       0.000000       0.000050
    6            0.000000       0.000000      -0.000029
    7            0.000000       0.000000      -0.000050
    8            0.000000       0.000000       0.000029
    9            0.000000       0.000000       0.000000
   10            0.000000       0.000000      -0.000058
   11            0.000000       0.000000      -0.000051
   12            0.000000       0.000000      -0.000027
 2.00      2.1040000      0.0000000      0.0481992   1   0    0  0  0    0  0  0    0
 1.00      0.0000000      0.0000000      0.0452122   2   0    0  0  0    0  0  0    0
 1.00      2.1040000      0.0000000     -2.0673509   3   0    0  0  0    0  0  0    0
 2.00      0.0000000      0.0000000     -2.0676992   4   0    0  0  0    0  0  0    0
 2.00      2.1040000      0.0000000     -4.1903900   5   0    0  0  0    0  0  0    0
 1.00      0.0000000      0.0000000     -4.1904779   6   0    0  0  0    0  0  0    0
 1.00      2.1040000      0.0000000     -6.3128546   7   0    0  0  0    0  0  0    0
 2.00      0.0000000      0.0000000     -6.3129443   8   0    0  0  0    0  0  0    0
 2.00      2.1040000      0.0000000     -8.4356348   9   0    0  0  0    0  0  0    0
 1.00      0.0000000      0.0000000     -8.4359818  10   0    0  0  0    0  0  0    0
 1.00      2.1040000      0.0000000    -10.5485453  11   0    0  0  0    0  0  0    0
 2.00      0.0000000      0.0000000    -10.5515329  12   0    0  0  0    0  0  0    0
 0.00      0.0000000      0.0000000      0.0000000   0   0    0  0  0    0  0  0    0
        -244.1705686        -282.9180896   81    1    0
    1            0.000000       0.000000       0.000027
    2            0.000000       0.000000       0.000050
    3            0.000000       0.000000       0.000056
    4            0.000000       0.000000       0.000000
    5            0.000000       0.000000      -0.000027
    6            0.000000       0.000000       0.000048
    7            0.000000       0.000000       0.000027
    8            0.000000       0.000000      -0.000048
    9            0.000000       0.000000      -0.000056
   10            0.000000       0.000000      -0.000001
   11            0.000000       0.000000      -0.000027
   12            0.000000       0.000000      -0.000049
 2.00      2.1040000      0.0000000      0.0481986   1   0    0  0  0    0  0  0    0
 1.00      0.0000000      0.0000000      0.0452110   2   0    0  0  0    0  0  0    0
 1.00      2.1040000      0.0000000     -2.0673522   3   0    0  0  0    0  0  0    0
 2.00      0.0000000      0.0000000     -2.0676992   4   0    0  0  0    0  0  0    0
 2.00      2.1040000      0.0000000     -4.1903893   5   0    0  0  0    0  0  0    0
 1.00      0.0000000      0.0000000     -4.1904790   6   0    0  0  0    0  0  0    0
 1.00      2.1040000      0.0000000     -6.3128552   7   0    0  0  0    0  0  0    0
 2.00      0.0000000      0.0000000     -6.3129431   8   0    0  0  0    0  0  0    0
 2.00      2.1040000      0.0000000     -8.4356335   9   0    0  0  0    0  0  0    0
 1.00      0.0000000      0.0000000     -8.4359818  10   0    0  0  0    0  0  0    0
 1.00      2.1040000      0.0000000    -10.5485447  11   0    0  0  0    0  0  0    0
 2.00      0.0000000      0.0000000    -10.5515317  12   0    0  0  0    0  0  0    0
 0.00      0.0000000      0.0000000      0.0000000   0   0    0  0  0    0  0  0    0
        -244.1705686        -282.9181031   81    1    0
    1            0.000000       0.000000       0.000048
    2            0.000000       0.000000       0.000026
    3            0.000000       0.000000       0.000000
    4            0.000000       0.000000       0.000055
    5            0.000000       0.000000       0.000047
    6            0.000000       0.000000      -0.000027
    7            0.000000       0.000000      -0.000047
    8            0.000000       0.000000       0.000027
    9            0.000000       0.000000       0.000000
   10            0.000000       0.000000      -0.000055
   11            0.000000       0.000000      -0.000048
   12            0.000000       0.000000      -0.000026
 2.00      2.1040000      0.0000000      0.0481974   1   0    0  0  0    0  0  0    0
 1.00      0.0000000      0.0000000      0.0452104   2   0    0  0  0    0  0  0    0
 1.00      2.1040000      0.0000000     -2.0673522   3   0    0  0  0    0  0  0    0
 2.00      0.0000000      0.0000000     -2.0677005   4   0    0  0  0    0  0  0    0
 2.00      2.1040000      0.0000000     -4.1903905   5   0    0  0  0    0  0  0    0
 1.00      0.0000000      0.0000000     -4.1904784   6   0    0  0  0    0  0  0    0
 1.00      2.1040000      0.0000000     -6.3128541   7   0    0  0  0    0  0  0    0
 2.00      0.0000000      0.0000000     -6.3129437   8   0    0  0  0    0  0  0    0
 2.00      2.1040000      0.0000000     -8.4356335   9   0    0  0  0    0  0  0    0
 1.00      0.0000000      0.0000000     -8.4359805  10   0    0  0  0    0  0  0    0
 1.00      2.1040000      0.0000000    -10.5485435  11   0    0  0  0    0  0  0    0
 2.00      0.0000000      0.0000000    -10.5515311  12   0    0  0  0    0  0  0    0
 0.00      0.0000000      0.0000000      0.0000000   0   0    0  0  0    0  0  0    0
        -244.1705686        -282.9181160   81    1    0
    1            0.000000       0.000000       0.000025
    2            0.000000       0.000000       0.000047
    3            0.000000       0.000000       0.000053
    4            0.000000       0.000000       0.000000
    5            0.000000       0.000000      -0.000026
    6            0.000000       0.000000       0.000045
    7            0.000000       0.000000       0.000026
    8            0.000000       0.000000      -0.000045
    9            0.000000       0.000000      -0.000052
   10            0.000000       0.000000      -0.000001
   11            0.000000       0.000000      -0.000025
   12            0.000000       0.000000      -0.000047
 2.00      2.1040000      0.0000000      0.0481968   1   0    0  0  0    0  0  0    0
 1.00      0.0000000      0.0000000      0.0452093   2   0    0  0  0    0  0  0    0
 1.00      2.1040000      0.0000000     -2.0673535   3   0    0  0  0    0  0  0    0
 2.00      0.0000000      0.0000000     -2.0677005   4   0    0  0  0    0  0  0    0
 2.00      2.1040000      0.0000000     -4.1903898   5   0    0  0  0    0  0  0    0
 1.00      0.0000000      0.0000000     -4.1904795   6   0    0  0  0    0  0  0    0
 1.00      2.1040000      0.0000000     -6.3128547   7   0    0  0  0    0  0  0    0
 2.00      0.0000000      0.0000000     -6.3129427   8   0    0  0  0    0  0  0    0
 2.00      2.1040000      0.0000000     -8.4356322   9   0    0  0  0    0  0  0    0
 1.00      0.0000000      0.0000000     -8.4359805  10   0    0  0  0    0  0  0    0
 1.00      2.1040000      0.0000000    -10.5485429  11   0    0  0  0    0  0  0    0
 2.00      0.0000000      0.0000000    -10.5515299  12   0    0  0  0    0  0  0    0
 0.00      0.0000000      0.0000000      0.0000000   0   0    0  0  0    0  0  0    0
        -244.1705686        -282.9181287   81    1    0
    1            0.000000       0.000000       0.000045
    2            0.000000       0.000000       0.000024
    3            0.000000       0.000000       0.000000
    4            0.000000       0.000000       0.000052
    5            0.000000       0.000000       0.000044
    6            0.000000       0.000000      -0.000026
    7            0.000000       0.000000      -0.000044
    8            0.000000       0.000000       0.000026
    9            0.000000       0.000000       0.000000
   10            0.000000       0.000000      -0.000051
   11            0.000000       0.000000      -0.000046
   12            0.000000       0.000000      -0.000024
 2.00      2.1040000      0.0000000      0.0481958   1   0    0  0  0    0  0  0    0
 1.00      0.0000000      0.0000000      0.0452087   2   0    0  0  0    0  0  0    0
 1.00      2.1040000      0.0000000     -2.0673535   3   0    0  0  0    0  0  0    0
 2.00      0.0000000      0.0000000     -2.0677017   4   0    0  0  0    0  0  0    0
 2.00      2.1040000      0.0000000     -4.1903909   5   0    0  0  0    0  0  0    0
 1.00      0.0000000      0.0000000     -4.1904789   6   0    0  0  0    0  0  0    0
 1.00      2.1040000      0.0000000     -6.3128537   7   0    0  0  0    0  0  0    0
 2.00      0.0000000      0.0000000     -6.3129433   8   0    0  0  0    0  0  0    0
 2.00      2.1040000      0.0000000     -8.4356322   9   0    0  0  0    0  0  0    0
 1.00      0.0000000      0.0000000     -8.4359792  10   0    0  0  0    0  0  0    0
 1.00      2.1040000      0.0000000    -10.5485418  11   0    0  0  0    0  0  0    0
 2.00      0.0000000      0.0000000    -10.5515294  12   0    0  0  0    0  0  0    0
 0.00      0.0000000      0.0000000      0.0000000   0   0    0  0  0    0  0  0    0
        -244.1705686        -282.9181408   81    1    0
    1            0.000000       0.000000       0.000024
    2            0.000000       0.000000       0.000044
    3            0.000000       0.000000       0.000049
    4            0.000000       0.000000       0.000000
    5            0.000000       0.000000      -0.000024
    6            0.000000       0.000000       0.000042
    7            0.000000       0.000000       0.000024
    8            0.000000       0.000000      -0.000042
    9            0.000000       0.000000      -0.000049
   10            0.000000       0.000000      -0.000001
   11            0.000000       0.000000      -0.000024
   12            0.000000       0.000000      -0.000044
 2.00      2.1040000      0.0000000      0.0481952   1   0    0  0  0    0  0  0    0
 1.00      0.0000000      0.0000000      0.0452077   2   0    0  0  0    0  0  0    0
 1.00      2.1040000      0.0000000     -2.0673547   3   0    0  0  0    0  0  0    0
 2.00      0.0000000      0.0000000     -2.0677017   4   0    0  0  0    0  0  0    0
 2.00      2.1040000      0.0000000     -4.1903903   5   0    0  0  0    0  0  0    0
 1.00      0.0000000      0.0000000     -4.1904799   6   0    0  0  0    0  0  0    0
 1.00      2.1040000      0.0000000     -6.3128543   7   0    0  0  0    0  0  0    0
 2.00      0.0000000      0.0000000     -6.3129422   8   0    0  0  0    0  0  0    0
 2.00      2.1040000      0.0000000     -8.4356310   9   0    0  0  0    0  0  0    0
 1.00      0.0000000      0.0000000     -8.4359792  10   0    0  0  0    0  0  0    0
 1.00      2.1040000      0.0000000    -10.5485413  11   0    0  0  0    0  0  0    0
 2.00      0.0000000      0.0000000    -10.5515283  12   0    0  0  0    0  0  0    0
 0.00      0.0000000      0.0000000      0.0000000   0   0    0  0  0    0  0  0    0
        -244.1705686        -282.9181528   81    1    0
    1            0.000000       0.000000       0.000043
    2            0.000000       0.000000       0.000023
    3            0.000000       0.000000       0.000000
    4            0.000000       0.000000       0.000049
    5            0.000000       0.000000       0.000042
    6            0.000000       0.000000      -0.000024
    7            0.000000       0.000000      -0.000042
    8            0.000000       0.000000       0.000024
    9            0.000000       0.000000       0.000000
   10            0.000000       0.000000      -0.000048
   11            0.000000       0.000000      -0.000043
   12            0.000000       0.000000      -0.000023
 2.00      2.1040000      0.0000000      0.0481942   1   0    0  0  0    0  0  0    0
 1.00      0.0000000      0.0000000      0.0452071   2   0    0  0  0    0  0  0    0
 1.00      2.1040000      0.0000000     -2.0673547   3   0    0  0  0    0  0  0    0
 2.00      0.0000000      0.0000000     -2.0677029   4   0    0  0  0    0  0  0    0
 2.00      2.1040000      0.0000000     -4.1903913   5   0    0  0  0    0  0  0    0
 1.00      0.0000000      0.0000000     -4.1904793   6   0    0  0  0    0  0  0    0
 1.00      2.1040000      0.0000000     -6.3128533   7   0    0  0  0    0  0  0    0
 2.00      0.0000000      0.0000000     -6.3129428   8   0    0  0  0    0  0  0    0
 2.00      2.1040000      0.0000000     -8.4356310   9   0    0  0  0    0  0  0    0
 1.00      0.0000000      0.0000000     -8.4359781  10   0    0  0  0    0  0  0    0
 1.00      2.1040000      0.0000000    -10.5485403  11   0    0  0  0    0  0  0    0
 2.00      0.0000000      0.0000000    -10.5515278  12   0    0  0  0    0  0  0    0
 0.00      0.0000000      0.0000000      0.0000000   0   0    0  0  0    0  0  0    0
        -244.1705686        -282.9181642   81    1    0
    1            0.000000       0.000000       0.000022
    2            0.000000       0.000000       0.000041
    3            0.000000       0.000000       0.000047
    4            0.000000       0.000000       0.000000
    5            0.000000       0.000000      -0.000023
    6            0.000000       0.000000       0.000040
    7            0.000000       0.000000       0.000023
    8            0.000000       0.000000      -0.000040
    9            0.000000       0.000000      -0.000047
   10            0.000000       0.000000      -0.000001
   11            0.000000       0.000000      -0.000022
   12            0.000000       0.000000      -0.000041
 2.00      2.1040000      0.0000000      0.0481936   1   0    0  0  0    0  0  0    0
 1.00      0.0000000      0.0000000      0.0452061   2   0    0  0  0    0  0  0    0
 1.00      2.1040000      0.0000000     -2.0673558   3   0    0  0  0    0  0  0    0
 2.00      0.0000000      0.0000000     -2.0677029   4   0    0  0  0    0  0  0    0
 2.00      2.1040000      0.0000000     -4.1903907   5   0    0  0  0    0  0  0    0
 1.00      0.0000000      0.0000000     -4.1904803   6   0    0  0  0    0  0  0    0
 1.00      2.1040000      0.0000000     -6.3128538   7   0    0  0  0    0  0  0    0
 2.00      0.0000000      0.0000000     -6.3129419   8   0    0  0  0    0  0  0    0
 2.00      2.1040000      0.0000000     -8.4356299   9   0    0  0  0    0  0  0    0
 1.00      0.0000000      0.0000000     -8.4359781  10   0    0  0  0    0  0  0    0
 1.00      2.1040000      0.0000000    -10.5485397  11   0    0  0  0    0  0  0    0
 2.00      0.0000000      0.0000000    -10.5515268  12   0    0  0  0    0  0  0    0
 0.00      0.0000000      0.0000000      0.0000000   0   0    0  0  0    0  0  0    0
        -244.1705686        -282.9181755   81    1    0
    1            0.000000       0.000000       0.000040
    2            0.000000       0.000000       0.000021
    3            0.000000       0.000000       0.000000
    4            0.000000       0.000000       0.000046
    5            0.000000       0.000000       0.000039
    6            0.000000       0.000000      -0.000023
    7            0.000000       0.000000      -0.000039
    8            0.000000       0.000000       0.000023
    9            0.000000       0.000000       0.000000
   10            0.000000       0.000000      -0.000046
   11            0.000000       0.000000      -0.000040
   12            0.000000       0.000000      -0.000022
 2.00      2.1040000      0.0000000      0.0481927   1   0    0  0  0    0  0  0    0
 1.00      0.0000000      0.0000000      0.0452056   2   0    0  0  0    0  0  0    0
 1.00      2.1040000      0.0000000     -2.0673558   3   0    0  0  0    0  0  0    0
 2.00      0.0000000      0.0000000     -2.0677040   4   0    0  0  0    0  0  0    0
 2.00      2.1040000      0.0000000     -4.1903917   5   0    0  0  0    0  0  0    0
 1.00      0.0000000      0.0000000     -4.1904798   6   0    0  0  0    0  0  0    0
 1.00      2.1040000      0.0000000     -6.3128529   7   0    0  0  0    0  0  0    0
 2.00      0.0000000      0.0000000     -6.3129424   8   0    0  0  0    0  0  0    0
 2.00      2.1040000      0.0000000     -8.4356299   9   0    0  0  0    0  0  0    0
 1.00      0.0000000      0.0000000     -8.4359770  10   0    0  0  0    0  0  0    0
 1.00      2.1040000      0.0000000    -10.5485388  11   0    0  0  0    0  0  0    0
 2.00      0.0000000      0.0000000    -10.5515263  12   0    0  0  0    0  0  0    0
 0.00      0.0000000      0.0000000      0.0000000   0   0    0  0  0    0  0  0    0
        -244.1705686        -282.9181862   81    1    0
    1            0.000000       0.000000       0.000021
    2            0.000000       0.000000       0.000039
    3            0.000000       0.000000       0.000044
    4            0.000000       0.000000       0.000000
    5            0.000000       0.000000      -0.000021
    6            0.000000       0.000000       0.000038
    7            0.000000       0.000000       0.000021
    8            0.000000       0.000000      -0.000038
    9            0.000000       0.000000      -0.000044
   10            0.000000       0.000000      -0.000001
   11            0.000000       0.000000      -0.000021
   12            0.000000       0.000000      -0.000039
 2.00      2.1040000      0.0000000      0.0481922   1   0    0  0  0    0  0  0    0
 1.00      0.0000000      0.0000000      0.0452047   2   0    0  0  0    0  0  0    0
 1.00      2.1040000      0.0000000     -2.0673569   3   0    0  0  0    0  0  0    0
 2.00      0.0000000      0.0000000     -2.0677040   4   0    0  0  0    0  0  0    0
 2.00      2.1040000      0.0000000     -4.1903912   5   0    0  0  0    0  0  0    0
 1.00      0.0000000      0.0000000     -4.1904807   6   0    0  0  0    0  0  0    0
 1.00      2.1040000      0.0000000     -6.3128534   7   0    0  0  0    0  0  0    0
 2.00      0.0000000      0.0000000     -6.3129415   8   0    0  0  0    0  0  0    0
 2.00      2.1040000      0.0000000     -8.4356288   9   0    0  0  0    0  0  0    0
 1.00      0.0000000      0.0000000     -8.4359770  10   0    0  0  0    0  0  0    0
 1.00      2.1040000      0.0000000    -10.5485383  11   0    0  0  0    0  0  0    0
 2.00      0.0000000      0.0000000    -10.5515253  12   0    0  0  0    0  0  0    0
 0.00      0.0000000      0.0000000      0.0000000   0   0    0  0  0    0  0  0    0
        -244.1705686        -282.9181969   81    1    0
    1            0.000000       0.000000       0.000038
    2            0.000000       0.000000       0.000020
    3            0.000000       0.000000       0.000000
    4            0.000000       0.000000       0.000043
    5            0.000000       0.000000       0.000037
    6            0.000000       0.000000      -0.000021
    7            0.000000       0.000000      -0.000037
    8            0.000000       0.000000       0.000021
    9            0.000000       0.000000       0.000000
   10            0.000000       0.000000      -0.000043
   11            0.000000       0.000000      -0.000038
   12            0.000000       0.000000      -0.000020
 2.00      2.1040000      0.0000000      0.0481913   1   0    0  0  0    0  0  0    0
 1.00      0.0000000      0.0000000      0.0452042   2   0    0  0  0    0  0  0    0
 1.00      2.1040000      0.0000000     -2.0673569   3   0    0  0  0    0  0  0    0
 2.00      0.0000000      0.0000000     -2.0677050   4   0    0  0  0    0  0  0    0
 2.00      2.1040000      0.0000000     -4.1903920   5   0    0  0  0    0  0  0    0
 1.00      0.0000000      0.0000000     -4.1904802   6   0    0  0  0    0  0  0    0
 1.00      2.1040000      0.0000000     -6.3128525   7   0    0  0  0    0  0  0    0
 2.00      0.0000000      0.0000000     -6.3129420   8   0    0  0  0    0  0  0    0
 2.00      2.1040000      0.0000000     -8.4356288   9   0    0  0  0    0  0  0    0
 1.00      0.0000000      0.0000000     -8.4359760  10   0    0  0  0    0  0  0    0
 1.00      2.1040000      0.0000000    -10.5485374  11   0    0  0  0    0  0  0    0
 2.00      0.0000000      0.0000000    -10.5515248  12   0    0  0  0    0  0  0    0
 0.00      0.0000000      0.0000000      0.0000000   0   0    0  0  0    0  0  0    0
        -244.1705686        -282.9182070   81    1    0
    1            0.000000       0.000000       0.000020
    2            0.000000       0.000000       0.000037
    3            0.000000       0.000000       0.000041
    4            0.000000       0.000000       0.000000
    5            0.000000       0.000000      -0.000020
    6            0.000000       0.000000       0.000035
    7            0.000000       0.000000       0.000020
    8            0.000000       0.000000      -0.000035
    9            0.000000       0.000000      -0.000041
   10            0.000000       0.000000      -0.000001
   11            0.000000       0.000000      -0.000020
   12            0.000000       0.000000      -0.000037
 2.00      2.1040000      0.0000000      0.0481908   1   0    0  0  0    0  0  0    0
 1.00      0.0000000      0.0000000      0.0452033   2   0    0  0  0    0  0  0    0
 1.00      2.1040000      0.0000000     -2.0673579   3   0    0  0  0    0  0  0    0
 2.00      0.0000000      0.0000000     -2.0677050   4   0    0  0  0    0  0  0    0
 2.00      2.1040000      0.0000000     -4.1903915   5   0    0  0  0    0  0  0    0
 1.00      0.0000000      0.0000000     -4.1904810   6   0    0  0  0    0  0  0    0
 1.00      2.1040000      0.0000000     -6.3128530   7   0    0  0  0    0  0  0    0
 2.00      0.0000000      0.0000000     -6.3129411   8   0    0  0  0    0  0  0    0
 2.00      2.1040000      0.0000000     -8.4356278   9   0    0  0  0    0  0  0    0
 1.00      0.0000000      0.0000000     -8.4359760  10   0    0  0  0    0  0  0    0
 1.00      2.1040000      0.0000000    -10.5485369  11   0    0  0  0    0  0  0    0
 2.00      0.0000000      0.0000000    -10.5515240  12   0    0  0  0    0  0  0    0
 0.00      0.0000000      0.0000000      0.0000000   0   0    0  0  0    0  0  0    0
        -244.1705686        -282.9182170   81    1    0
    1            0.000000       0.000000       0.000036
    2            0.000000       0.000000       0.000019
    3            0.000000       0.000000       0.000000
    4            0.000000       0.000000       0.000041
    5            0.000000       0.000000       0.000035
    6            0.000000       0.000000      -0.000020
    7            0.000000       0.000000      -0.000035
    8            0.000000       0.000000       0.000020
    9            0.000000       0.000000       0.000000
   10            0.000000       0.000000      -0.000041
   11            0.000000       0.000000      -0.000036
   12            0.000000       0.000000      -0.000019
 2.00      2.1040000      0.0000000      0.0481900   1   0    0  0  0    0  0  0    0
 1.00      0.0000000      0.0000000      0.0452029   2   0    0  0  0    0  0  0    0
 1.00      2.1040000      0.0000000     -2.0673579   3   0    0  0  0    0  0  0    0
 2.00      0.0000000      0.0000000     -2.0677060   4   0    0  0  0    0  0  0    0
 2.00      2.1040000      0.0000000     -4.1903924   5   0    0  0  0    0  0  0    0
 1.00      0.0000000      0.0000000     -4.1904805   6   0    0  0  0    0  0  0    0
 1.00      2.1040000      0.0000000     -6.3128522   7   0    0  0  0    0  0  0    0
 2.00      0.0000000      0.0000000     -6.3129416   8   0    0  0  0    0  0  0    0
 2.00      2.1040000      0.0000000     -8.4356278   9   0    0  0  0    0  0  0    0
 1.00      0.0000000      0.0000000     -8.4359750  10   0    0  0  0    0  0  0    0
 1.00      2.1040000      0.0000000    -10.5485360  11   0    0  0  0    0  0  0    0
 2.00      0.0000000      0.0000000    -10.5515235  12   0    0  0  0    0  0  0    0
 0.00      0.0000000      0.0000000      0.0000000   0   0    0  0  0    0  0  0    0
        -244.1705686        -282.9182265   81    1    0
    1            0.000000       0.000000       0.000019
    2            0.000000       0.000000       0.000035
    3            0.000000       0.000000       0.000039
    4            0.000000       0.000000       0.000000
    5            0.000000       0.000000      -0.000019
    6            0.000000       0.000000       0.000033
    7            0.000000       0.000000       0.000019
    8            0.000000       0.000000      -0.000033
    9            0.000000       0.000000      -0.000039
   10            0.000000       0.000000       0.000000
   11            0.000000       0.000000      -0.000019
   12            0.000000       0.000000      -0.000035
 2.00      2.1040000      0.0000000      0.0481895   1   0    0  0  0    0  0  0    0
 1.00      0.0000000      0.0000000      0.0452020   2   0    0  0  0    0  0  0    0
 1.00      2.1040000      0.0000000     -2.0673588   3   0    0  0  0    0  0  0    0
 2.00      0.0000000      0.0000000     -2.0677060   4   0    0  0  0    0  0  0    0
 2.00      2.1040000      0.0000000     -4.1903919   5   0    0  0  0    0  0  0    0
 1.00      0.0000000      0.0000000     -4.1904813   6   0    0  0  0    0  0  0    0
 1.00      2.1040000      0.0000000     -6.3128526   7   0    0  0  0    0  0  0    0
 2.00      0.0000000      0.0000000     -6.3129408   8   0    0  0  0    0  0  0    0
 2.00      2.1040000      0.0000000     -8.4356269   9   0    0  0  0    0  0  0    0
 1.00      0.0000000      0.0000000     -8.4359750  10   0    0  0  0    0  0  0    0
 1.00      2.1040000      0.0000000    -10.5485356  11   0    0  0  0    0  0  0    0
 2.00      0.0000000      0.0000000    -10.5515227  12   0    0  0  0    0  0  0    0
 0.00      0.0000000      0.0000000      0.0000000   0   0    0  0  0    0  0  0    0
        -244.1705686        -282.9182360   81    1    0
    1            0.000000       0.000000       0.000034
    2            0.000000       0.000000       0.000018
    3            0.000000       0.000000       0.000000
    4            0.000000       0.000000       0.000038
    5            0.000000       0.000000       0.000033
    6            0.000000       0.000000      -0.000019
    7            0.000000       0.000000      -0.000033
    8            0.000000       0.000000       0.000019
    9            0.000000       0.000000       0.000000
   10            0.000000       0.000000      -0.000038
   11            0.000000       0.000000      -0.000034
   12            0.000000       0.000000      -0.000018
 2.00      2.1040000      0.0000000      0.0481887   1   0    0  0  0    0  0  0    0
 1.00      0.0000000      0.0000000      0.0452016   2   0    0  0  0    0  0  0    0
 1.00      2.1040000      0.0000000     -2.0673588   3   0    0  0  0    0  0  0    0
 2.00      0.0000000      0.0000000     -2.0677069   4   0    0  0  0    0  0  0    0
 2.00      2.1040000      0.0000000     -4.1903927   5   0    0  0  0    0  0  0    0
 1.00      0.0000000      0.0000000     -4.1904809   6   0    0  0  0    0  0  0    0
 1.00      2.1040000      0.0000000     -6.3128519   7   0    0  0  0    0  0  0    0
 2.00      0.0000000      0.0000000     -6.3129413   8   0    0  0  0    0  0  0    0
 2.00      2.1040000      0.0000000     -8.4356269   9   0    0  0  0    0  0  0    0
 1.00      0.0000000      0.0000000     -8.4359741  10   0    0  0  0    0  0  0    0
 1.00      2.1040000      0.0000000    -10.5485348  11   0    0  0  0    0  0  0    0
 2.00      0.0000000      0.0000000    -10.5515222  12   0    0  0  0    0  0  0    0
 0.00      0.0000000      0.0000000      0.0000000   0   0    0  0  0    0  0  0    0
        -244.1705686        -282.9182450   81    1    0
    1            0.000000       0.000000       0.000018
    2            0.000000       0.000000       0.000033
    3            0.000000       0.000000       0.000037
    4            0.000000       0.000000       0.000000
    5            0.000000       0.000000      -0.000018
    6            0.000000       0.000000       0.000031
    7            0.000000       0.000000       0.000018
    8            0.000000       0.000000      -0.000031
    9            0.000000       0.000000      -0.000037
   10            0.000000       0.000000       0.000000
   11            0.000000       0.000000      -0.000018
   12            0.000000       0.000000      -0.000033
 2.00      2.1040000      0.0000000      0.0481883   1   0    0  0  0    0  0  0    0
 1.00      0.0000000      0.0000000      0.0452008   2   0    0  0  0    0  0  0    0
 1.00      2.1040000      0.0000000     -2.0673597   3   0    0  0  0    0  0  0    0
 2.00      0.0000000      0.0000000     -2.0677069   4   0    0  0  0    0  0  0    0
 2.00      2.1040000      0.0000000     -4.1903923   5   0    0  0  0    0  0  0    0
 1.00      0.0000000      0.0000000     -4.1904816   6   0    0  0  0    0  0  0    0
 1.00      2.1040000      0.0000000     -6.3128523   7   0    0  0  0    0  0  0    0
 2.00      0.0000000      0.0000000     -6.3129405   8   0    0  0  0    0  0  0    0
 2.00      2.1040000      0.0000000     -8.4356260   9   0    0  0  0    0  0  0    0
 1.00      0.0000000      0.0000000     -8.4359741  10   0    0  0  0    0  0  0    0
 1.00      2.1040000      0.0000000    -10.5485343  11   0    0  0  0    0  0  0    0
 2.00      0.0000000      0.0000000    -10.5515215  12   0    0  0  0    0  0  0    0
 0.00      0.0000000      0.0000000      0.0000000   0   0    0  0  0    0  0  0    0
        -244.1705686        -282.9182539   81    1    0
    1            0.000000       0.000000       0.000032
    2            0.000000       0.000000       0.000017
    3            0.000000       0.000000       0.000000
    4            0.000000       0.000000       0.000036
    5            0.000000       0.000000       0.000031
    6            0.000000       0.000000      -0.000018
    7            0.000000       0.000000      -0.000031
    8            0.000000       0.000000       0.000018
    9            0.000000       0.000000       0.000000
   10            0.000000       0.000000      -0.000036
   11            0.000000       0.000000      -0.000032
   12            0.000000       0.000000      -0.000017
 2.00      2.1040000      0.0000000      0.0481875   1   0    0  0  0    0  0  0    0
 1.00      0.0000000      0.0000000      0.0452004   2   0    0  0  0    0  0  0    0
 1.00      2.1040000      0.0000000     -2.0673597   3   0    0  0  0    0  0  0    0
 2.00      0.0000000      0.0000000     -2.0677077   4   0    0  0  0    0  0  0    0
 2.00      2.1040000      0.0000000     -4.1903930   5   0    0  0  0    0  0  0    0
 1.00      0.0000000      0.0000000     -4.1904812   6   0    0  0  0    0  0  0    0
 1.00      2.1040000      0.0000000     -6.3128516   7   0    0  0  0    0  0  0    0
 2.00      0.0000000      0.0000000     -6.3129409   8   0    0  0  0    0  0  0    0
 2.00      2.1040000      0.0000000     -8.4356260   9   0    0  0  0    0  0  0    0
 1.00      0.0000000      0.0000000     -8.4359732  10   0    0  0  0    0  0  0    0
 1.00      2.1040000      0.0000000    -10.5485336  11   0    0  0  0    0  0  0    0
 2.00      0.0000000      0.0000000    -10.5515211  12   0    0  0  0    0  0  0    0
 0.00      0.0000000      0.0000000      0.0000000   0   0    0  0  0    0  0  0    0
        -244.1705686        -282.9182623   81    1    0
    1            0.000000       0.000000       0.000017
    2            0.000000       0.000000       0.000031
    3            0.000000       0.000000       0.000035
    4            0.000000       0.000000       0.000000
    5            0.000000       0.000000      -0.000017
    6            0.000000       0.000000       0.000030
    7            0.000000       0.000000       0.000017
    8            0.000000       0.000000      -0.000030
    9            0.000000       0.000000      -0.000035
   10            0.000000       0.000000       0.000000
   11            0.000000       0.000000      -0.000017
   12            0.000000       0.000000      -0.000031
 2.00      2.1040000      0.0000000      0.0481871   1   0    0  0  0    0  0  0    0
 1.00      0.0000000      0.0000000      0.0451997   2   0    0  0  0    0  0  0    0
 1.00      2.1040000      0.0000000     -2.0673605   3   0    0  0  0    0  0  0    0
 2.00      0.0000000      0.0000000     -2.0677078   4   0    0  0  0    0  0  0    0
 2.00      2.1040000      0.0000000     -4.1903926   5   0    0  0  0    0  0  0    0
 1.00      0.0000000      0.0000000     -4.1904819   6   0    0  0  0    0  0  0    0
 1.00      2.1040000      0.0000000     -6.3128520   7   0    0  0  0    0  0  0    0
 2.00      0.0000000      0.0000000     -6.3129402   8   0    0  0  0    0  0  0    0
 2.00      2.1040000      0.0000000     -8.4356252   9   0    0  0  0    0  0  0    0
 1.00      0.0000000      0.0000000     -8.4359732  10   0    0  0  0    0  0  0    0
 1.00      2.1040000      0.0000000    -10.5485332  11   0    0  0  0    0  0  0    0
 2.00      0.0000000      0.0000000    -10.5515203  12   0    0  0  0    0  0  0    0
 0.00      0.0000000      0.0000000      0.0000000   0   0    0  0  0    0  0  0    0
        -244.1705686        -282.9182707   81    1    0
    1            0.000000       0.000000       0.000030
    2            0.000000       0.000000       0.000016
    3            0.000000       0.000000       0.000000
    4            0.000000       0.000000       0.000034
    5            0.000000       0.000000       0.000029
    6            0.000000       0.000000      -0.000017
    7            0.000000       0.000000      -0.000029
    8            0.000000       0.000000       0.000017
    9            0.000000       0.000000       0.000000
   10            0.000000       0.000000      -0.000034
   11            0.000000       0.000000      -0.000030
   12            0.000000       0.000000      -0.000016
 2.00      2.1040000      0.0000000      0.0481864   1   0    0  0  0    0  0  0    0
 1.00      0.0000000      0.0000000      0.0451993   2   0    0  0  0    0  0  0    0
 1.00      2.1040000      0.0000000     -2.0673605   3   0    0  0  0    0  0  0    0
 2.00      0.0000000      0.0000000     -2.0677086   4   0    0  0  0    0  0  0    0
 2.00      2.1040000      0.0000000     -4.1903933   5   0    0  0  0    0  0  0    0
 1.00      0.0000000      0.0000000     -4.1904815   6   0    0  0  0    0  0  0    0
 1.00      2.1040000      0.0000000     -6.3128513   7   0    0  0  0    0  0  0    0
 2.00      0.0000000      0.0000000     -6.3129406   8   0    0  0  0    0  0  0    0
 2.00      2.1040000      0.0000000     -8.4356252   9   0    0  0  0    0  0  0    0
 1.00      0.0000000      0.0000000     -8.4359724  10   0    0  0  0    0  0  0    0
 1.00      2.1040000      0.0000000    -10.5485325  11   0    0  0  0    0  0  0    0
 2.00      0.0000000      0.0000000    -10.5515199  12   0    0  0  0    0  0  0    0
 0.00      0.0000000      0.0000000      0.0000000   0   0    0  0  0    0  0  0    0
        -244.1705686        -282.9182787   81    1    0
    1            0.000000       0.000000       0.000016
    2            0.000000       0.000000       0.000029
    3            0.000000       0.000000       0.000033
    4            0.000000       0.000000       0.000000
    5            0.000000       0.000000      -0.000016
    6            0.000000       0.000000       0.000028
    7            0.000000       0.000000       0.000016
    8            0.000000       0.000000      -0.000028
    9            0.000000       0.000000      -0.000033
   10            0.000000       0.000000       0.000000
   11            0.000000       0.000000      -0.000016
   12            0.000000       0.000000      -0.000029
 2.00      2.1040000      0.0000000      0.0481860   1   0    0  0  0    0  0  0    0
 1.00      0.0000000      0.0000000      0.0451986   2   0    0  0  0    0  0  0    0
 1.00      2.1040000      0.0000000     -2.0673613   3   0    0  0  0    0  0  0    0
 2.00      0.0000000      0.0000000     -2.0677086   4   0    0  0  0    0  0  0    0
 2.00      2.1040000      0.0000000     -4.1903929   5   0    0  0  0    0  0  0    0
 1.00      0.0000000      0.0000000     -4.1904822   6   0    0  0  0    0  0  0    0
 1.00      2.1040000      0.0000000     -6.3128517   7   0    0  0  0    0  0  0    0
 2.00      0.0000000      0.0000000     -6.3129399   8   0    0  0  0    0  0  0    0
 2.00      2.1040000      0.0000000     -8.4356244   9   0    0  0  0    0  0  0    0
 1.00      0.0000000      0.0000000     -8.4359724  10   0    0  0  0    0  0  0    0
 1.00      2.1040000      0.0000000    -10.5485321  11   0    0  0  0    0  0  0    0
 2.00      0.0000000      0.0000000    -10.5515192  12   0    0  0  0    0  0  0    0
 0.00      0.0000000      0.0000000      0.0000000   0   0    0  0  0    0  0  0    0
        -244.1705686        -282.9182866   81    1    0
    1            0.000000       0.000000       0.000028
    2            0.000000       0.000000       0.000015
    3            0.000000       0.000000       0.000000
    4            0.000000       0.000000       0.000032
    5            0.000000       0.000000       0.000028
    6            0.000000       0.000000      -0.000016
    7            0.000000       0.000000      -0.000028
    8            0.000000       0.000000       0.000016
    9            0.000000       0.000000       0.000000
   10            0.000000       0.000000      -0.000032
   11            0.000000       0.000000      -0.000028
   12            0.000000       0.000000      -0.000015
 2.00      2.1040000      0.0000000      0.0481854   1   0    0  0  0    0  0  0    0
 1.00      0.0000000      0.0000000      0.0451982   2   0    0  0  0    0  0  0    0
 1.00      2.1040000      0.0000000     -2.0673613   3   0    0  0  0    0  0  0    0
 2.00      0.0000000      0.0000000     -2.0677093   4   0    0  0  0    0  0  0    0
 2.00      2.1040000      0.0000000     -4.1903935   5   0    0  0  0    0  0  0    0
 1.00      0.0000000      0.0000000     -4.1904818   6   0    0  0  0    0  0  0    0
 1.00      2.1040000      0.0000000     -6.3128510   7   0    0  0  0    0  0  0    0
 2.00      0.0000000      0.0000000     -6.3129403   8   0    0  0  0    0  0  0    0
 2.00      2.1040000      0.0000000     -8.4356244   9   0    0  0  0    0  0  0    0
 1.00      0.0000000      0.0000000     -8.4359717  10   0    0  0  0    0  0  0    0
 1.00      2.1040000      0.0000000    -10.5485314  11   0    0  0  0    0  0  0    0
 2.00      0.0000000      0.0000000    -10.5515189  12   0    0  0  0    0  0  0    0
 0.00      0.0000000      0.0000000      0.0000000   0   0    0  0  0    0  0  0    0
        -244.1705686        -282.9182941   81    1    0
    1            0.000000       0.000000       0.000015
    2            0.000000       0.000000       0.000027
    3            0.000000       0.000000       0.000031
    4            0.000000       0.000000       0.000000
    5            0.000000       0.000000      -0.000015
    6            0.000000       0.000000       0.000026
    7            0.000000       0.000000       0.000015
    8            0.000000       0.000000      -0.000026
    9            0.000000       0.000000      -0.000031
   10            0.000000       0.000000       0.000000
   11            0.000000       0.000000      -0.000015
   12            0.000000       0.000000      -0.000027
 2.00      2.1040000      0.0000000      0.0481850   1   0    0  0  0    0  0  0    0
 1.00      0.0000000      0.0000000      0.0451976   2   0    0  0  0    0  0  0    0
 1.00      2.1040000      0.0000000     -2.0673621   3   0    0  0  0    0  0  0    0
 2.00      0.0000000      0.0000000     -2.0677093   4   0    0  0  0    0  0  0    0
 2.00      2.1040000      0.0000000     -4.1903932   5   0    0  0  0    0  0  0    0
 1.00      0.0000000      0.0000000     -4.1904825   6   0    0  0  0    0  0  0    0
 1.00      2.1040000      0.0000000     -6.3128514   7   0    0  0  0    0  0  0    0
 2.00      0.0000000      0.0000000     -6.3129397   8   0    0  0  0    0  0  0    0
 2.00      2.1040000      0.0000000     -8.4356237   9   0    0  0  0    0  0  0    0
 1.00      0.0000000      0.0000000     -8.4359716  10   0    0  0  0    0  0  0    0
 1.00      2.1040000      0.0000000    -10.5485311  11   0    0  0  0    0  0  0    0
 2.00      0.0000000      0.0000000    -10.5515182  12   0    0  0  0    0  0  0    0
 0.00      0.0000000      0.0000000      0.0000000   0   0    0  0  0    0  0  0    0
        -244.1705686        -282.9183015   81    1    0
    1            0.000000       0.000000       0.000027
    2            0.000000       0.000000       0.000014
    3            0.000000       0.000000       0.000000
    4            0.000000       0.000000       0.000030
    5            0.000000       0.000000       0.000026
    6            0.000000       0.000000      -0.000015
    7            0.000000       0.000000      -0.000026
    8            0.000000       0.000000       0.000015
    9            0.000000       0.000000       0.000000
   10            0.000000       0.000000      -0.000030
   11            0.000000       0.000000      -0.000027
   12            0.000000       0.000000      -0.000014
 2.00      2.1040000      0.0000000      0.0481844   1   0    0  0  0    0  0  0    0
 1.00      0.0000000      0.0000000      0.0451973   2   0    0  0  0    0  0  0    0
 1.00      2.1040000      0.0000000     -2.0673621   3   0    0  0  0    0  0  0    0
 2.00      0.0000000      0.0000000     -2.0677100   4   0    0  0  0    0  0  0    0
 2.00      2.1040000      0.0000000     -4.1903938   5   0    0  0  0    0  0  0    0
 1.00      0.0000000      0.0000000     -4.1904821   6   0    0  0  0    0  0  0    0
 1.00      2.1040000      0.0000000     -6.3128508   7   0    0  0  0    0  0  0    0
 2.00      0.0000000      0.0000000     -6.3129400   8   0    0  0  0    0  0  0    0
 2.00      2.1040000      0.0000000     -8.4356237   9   0    0  0  0    0  0  0    0
 1.00      0.0000000      0.0000000     -8.4359709  10   0    0  0  0    0  0  0    0
 1.00      2.1040000      0.0000000    -10.5485305  11   0    0  0  0    0  0  0    0
 2.00      0.0000000      0.0000000    -10.5515179  12   0    0  0  0    0  0  0    0
 0.00      0.0000000      0.0000000      0.0000000   0   0    0  0  0    0  0  0    0
        -244.1705686        -282.9183086   81    1    0
    1            0.000000       0.000000       0.000014
    2            0.000000       0.000000       0.000026
    3            0.000000       0.000000       0.000029
    4            0.000000       0.000000       0.000000
    5            0.000000       0.000000      -0.000014
    6            0.000000       0.000000       0.000025
    7            0.000000       0.000000       0.000014
    8            0.000000       0.000000      -0.000025
    9            0.000000       0.000000      -0.000029
   10            0.000000       0.000000       0.000000
   11            0.000000       0.000000      -0.000014
   12            0.000000       0.000000      -0.000026
 2.00      2.1040000      0.0000000      0.0481841   1   0    0  0  0    0  0  0    0
 1.00      0.0000000      0.0000000      0.0451966   2   0    0  0  0    0  0  0    0
 1.00      2.1040000      0.0000000     -2.0673628   3   0    0  0  0    0  0  0    0
 2.00      0.0000000      0.0000000     -2.0677100   4   0    0  0  0    0  0  0    0
 2.00      2.1040000      0.0000000     -4.1903935   5   0    0  0  0    0  0  0    0
 1.00      0.0000000      0.0000000     -4.1904827   6   0    0  0  0    0  0  0    0
 1.00      2.1040000      0.0000000     -6.3128511   7   0    0  0  0    0  0  0    0
 2.00      0.0000000      0.0000000     -6.3129394   8   0    0  0  0    0  0  0    0
 2.00      2.1040000      0.0000000     -8.4356230   9   0    0  0  0    0  0  0    0
 1.00      0.0000000      0.0000000     -8.4359709  10   0    0  0  0    0  0  0    0
 1.00      2.1040000      0.0000000    -10.5485301  11   0    0  0  0    0  0  0    0
 2.00      0.0000000      0.0000000    -10.5515173  12   0    0  0  0    0  0  0    0
 0.00      0.0000000      0.0000000      0.0000000   0   0    0  0  0    0  0  0    0
        -244.1705686        -282.9183156   81    1    0
    1            0.000000       0.000000       0.000025
    2            0.000000       0.000000       0.000013
    3            0.000000       0.000000       0.000000
    4            0.000000       0.000000       0.000028
    5            0.000000       0.000000       0.000024
    6            0.000000       0.000000      -0.000014
    7            0.000000       0.000000      -0.000024
    8            0.000000       0.000000       0.000014
    9            0.000000       0.000000       0.000000
   10            0.000000       0.000000      -0.000028
   11            0.000000       0.000000      -0.000025
   12            0.000000       0.000000      -0.000013
 2.00      2.1040000      0.0000000      0.0481835   1   0    0  0  0    0  0  0    0
 1.00      0.0000000      0.0000000      0.0451963   2   0    0  0  0    0  0  0    0
 1.00      2.1040000      0.0000000     -2.0673628   3   0    0  0  0    0  0  0    0
 2.00      0.0000000      0.0000000     -2.0677107   4   0    0  0  0    0  0  0    0
 2.00      2.1040000      0.0000000     -4.1903940   5   0    0  0  0    0  0  0    0
 1.00      0.0000000      0.0000000     -4.1904824   6   0    0  0  0    0  0  0    0
 1.00      2.1040000      0.0000000     -6.3128505   7   0    0  0  0    0  0  0    0
 2.00      0.0000000      0.0000000     -6.3129398   8   0    0  0  0    0  0  0    0
 2.00      2.1040000      0.0000000     -8.4356230   9   0    0  0  0    0  0  0    0
 1.00      0.0000000      0.0000000     -8.4359703  10   0    0  0  0    0  0  0    0
 1.00      2.1040000      0.0000000    -10.5485295  11   0    0  0  0    0  0  0    0
 2.00      0.0000000      0.0000000    -10.5515170  12   0    0  0  0    0  0  0    0
 0.00      0.0000000      0.0000000      0.0000000   0   0    0  0  0    0  0  0    0
        -244.1705686        -282.9183223   81    1    0
    1            0.000000       0.000000       0.000013
    2            0.000000       0.000000       0.000024
    3            0.000000       0.000000       0.000027
    4            0.000000       0.000000       0.000000
    5            0.000000       0.000000      -0.000013
    6            0.000000       0.000000       0.000023
    7            0.000000       0.000000       0.000013
    8            0.000000       0.000000      -0.000023
    9            0.000000       0.000000      -0.000027
   10            0.000000       0.000000       0.000000
   11            0.000000       0.000000      -0.000013
   12            0.000000       0.000000      -0.000024
 2.00      2.1040000      0.0000000      0.0481832   1   0    0  0  0    0  0  0    0
 1.00      0.0000000      0.0000000      0.0451957   2   0    0  0  0    0  0  0    0
 1.00      2.1040000      0.0000000     -2.0673634   3   0    0  0  0    0  0  0    0
 2.00      0.0000000      0.0000000     -2.0677107   4   0    0  0  0    0  0  0    0
 2.00      2.1040000      0.0000000     -4.1903937   5   0    0  0  0    0  0  0    0
 1.00      0.0000000      0.0000000     -4.1904830   6   0    0  0  0    0  0  0    0
 1.00      2.1040000      0.0000000     -6.3128508   7   0    0  0  0    0  0  0    0
 2.00      0.0000000      0.0000000     -6.3129392   8   0    0  0  0    0  0  0    0
 2.00      2.1040000      0.0000000     -8.4356223   9   0    0  0  0    0  0  0    0
 1.00      0.0000000      0.0000000     -8.4359702  10   0    0  0  0    0  0  0    0
 1.00      2.1040000      0.0000000    -10.5485292  11   0    0  0  0    0  0  0    0
 2.00      0.0000000      0.0000000    -10.5515164  12   0    0  0  0    0  0  0    0
 0.00      0.0000000      0.0000000      0.0000000   0   0    0  0  0    0  0  0    0
        -244.1705686        -282.9183289   81    1    0
    1            0.000000       0.000000       0.000024
    2            0.000000       0.000000       0.000013
    3            0.000000       0.000000       0.000000
    4            0.000000       0.000000       0.000027
    5            0.000000       0.000000       0.000023
    6            0.000000       0.000000      -0.000013
    7            0.000000       0.000000      -0.000023
    8            0.000000       0.000000       0.000013
    9            0.000000       0.000000       0.000000
   10            0.000000       0.000000      -0.000027
   11            0.000000       0.000000      -0.000024
   12            0.000000       0.000000      -0.000013
 2.00      2.1040000      0.0000000      0.0481826   1   0    0  0  0    0  0  0    0
 1.00      0.0000000      0.0000000      0.0451954   2   0    0  0  0    0  0  0    0
 1.00      2.1040000      0.0000000     -2.0673634   3   0    0  0  0    0  0  0    0
 2.00      0.0000000      0.0000000     -2.0677114   4   0    0  0  0    0  0  0    0
 2.00      2.1040000      0.0000000     -4.1903943   5   0    0  0  0    0  0  0    0
 1.00      0.0000000      0.0000000     -4.1904826   6   0    0  0  0    0  0  0    0
 1.00      2.1040000      0.0000000     -6.3128503   7   0    0  0  0    0  0  0    0
 2.00      0.0000000      0.0000000     -6.3129395   8   0    0  0  0    0  0  0    0
 2.00      2.1040000      0.0000000     -8.4356223   9   0    0  0  0    0  0  0    0
 1.00      0.0000000      0.0000000     -8.4359696  10   0    0  0  0    0  0  0    0
 1.00      2.1040000      0.0000000    -10.5485287  11   0    0  0  0    0  0  0    0
 2.00      0.0000000      0.0000000    -10.5515161  12   0    0  0  0    0  0  0    0
 0.00      0.0000000      0.0000000      0.0000000   0   0    0  0  0    0  0  0    0
        -244.1705686        -282.9183352   81    1    0
    1            0.000000       0.000000       0.000012
    2            0.000000       0.000000       0.000023
    3            0.000000       0.000000       0.000026
    4            0.000000       0.000000       0.000000
    5            0.000000       0.000000      -0.000012
    6            0.000000       0.000000       0.000022
    7            0.000000       0.000000       0.000012
    8            0.000000       0.000000      -0.000022
    9            0.000000       0.000000      -0.000026
   10            0.000000       0.000000       0.000000
   11            0.000000       0.000000      -0.000012
   12            0.000000       0.000000      -0.000023
 2.00      2.1040000      0.0000000      0.0481823   1   0    0  0  0    0  0  0    0
 1.00      0.0000000      0.0000000      0.0451949   2   0    0  0  0    0  0  0    0
 1.00      2.1040000      0.0000000     -2.0673640   3   0    0  0  0    0  0  0    0
 2.00      0.0000000      0.0000000     -2.0677114   4   0    0  0  0    0  0  0    0
 2.00      2.1040000      0.0000000     -4.1903940   5   0    0  0  0    0  0  0    0
 1.00      0.0000000      0.0000000     -4.1904832   6   0    0  0  0    0  0  0    0
 1.00      2.1040000      0.0000000     -6.3128506   7   0    0  0  0    0  0  0    0
 2.00      0.0000000      0.0000000     -6.3129390   8   0    0  0  0    0  0  0    0
 2.00      2.1040000      0.0000000     -8.4356217   9   0    0  0  0    0  0  0    0
 1.00      0.0000000      0.0000000     -8.4359696  10   0    0  0  0    0  0  0    0
 1.00      2.1040000      0.0000000    -10.5485284  11   0    0  0  0    0  0  0    0
 2.00      0.0000000      0.0000000    -10.5515155  12   0    0  0  0    0  0  0    0
 0.00      0.0000000      0.0000000      0.0000000   0   0    0  0  0    0  0  0    0
        -244.1705686        -282.9183414   81    1    0
    1            0.000000       0.000000       0.000022
    2            0.000000       0.000000       0.000012
    3            0.000000       0.000000       0.000000
    4            0.000000       0.000000       0.000025
    5            0.000000       0.000000       0.000022
    6            0.000000       0.000000      -0.000012
    7            0.000000       0.000000      -0.000022
    8            0.000000       0.000000       0.000012
    9            0.000000       0.000000       0.000000
   10            0.000000       0.000000      -0.000025
   11            0.000000       0.000000      -0.000022
   12            0.000000       0.000000      -0.000012
 2.00      2.1040000      0.0000000      0.0481818   1   0    0  0  0    0  0  0    0
 1.00      0.0000000      0.0000000      0.0451946   2   0    0  0  0    0  0  0    0
 1.00      2.1040000      0.0000000     -2.0673640   3   0    0  0  0    0  0  0    0
 2.00      0.0000000      0.0000000     -2.0677120   4   0    0  0  0    0  0  0    0
 2.00      2.1040000      0.0000000     -4.1903945   5   0    0  0  0    0  0  0    0
 1.00      0.0000000      0.0000000     -4.1904829   6   0    0  0  0    0  0  0    0
 1.00      2.1040000      0.0000000     -6.3128501   7   0    0  0  0    0  0  0    0
 2.00      0.0000000      0.0000000     -6.3129393   8   0    0  0  0    0  0  0    0
 2.00      2.1040000      0.0000000     -8.4356217   9   0    0  0  0    0  0  0    0
 1.00      0.0000000      0.0000000     -8.4359690  10   0    0  0  0    0  0  0    0
 1.00      2.1040000      0.0000000    -10.5485278  11   0    0  0  0    0  0  0    0
 2.00      0.0000000      0.0000000    -10.5515152  12   0    0  0  0    0  0  0    0
 0.00      0.0000000      0.0000000      0.0000000   0   0    0  0  0    0  0  0    0
        -244.1705686        -282.9183474   81    1    0
    1            0.000000       0.000000       0.000012
    2            0.000000       0.000000       0.000022
    3            0.000000       0.000000       0.000024
    4            0.000000       0.000000       0.000000
    5            0.000000       0.000000      -0.000012
    6            0.000000       0.000000       0.000021
    7            0.000000       0.000000       0.000012
    8            0.000000       0.000000      -0.000021
    9            0.000000       0.000000      -0.000024
   10            0.000000       0.000000       0.000000
   11            0.000000       0.000000      -0.000012
   12            0.000000       0.000000      -0.000021
 2.00      2.1040000      0.0000000      0.0481815   1   0    0  0  0    0  0  0    0
 1.00      0.0000000      0.0000000      0.0451941   2   0    0  0  0    0  0  0    0
 1.00      2.1040000      0.0000000     -2.0673646   3   0    0  0  0    0  0  0    0
 2.00      0.0000000      0.0000000     -2.0677120   4   0    0  0  0    0  0  0    0
 2.00      2.1040000      0.0000000     -4.1903942   5   0    0  0  0    0  0  0    0
 1.00      0.0000000      0.0000000     -4.1904834   6   0    0  0  0    0  0  0    0
 1.00      2.1040000      0.0000000     -6.3128504   7   0    0  0  0    0  0  0    0
 2.00      0.0000000      0.0000000     -6.3129388   8   0    0  0  0    0  0  0    0
 2.00      2.1040000      0.0000000     -8.4356211   9   0    0  0  0    0  0  0    0
 1.00      0.0000000      0.0000000     -8.4359690  10   0    0  0  0    0  0  0    0
 1.00      2.1040000      0.0000000    -10.5485276  11   0    0  0  0    0  0  0    0
 2.00      0.0000000      0.0000000    -10.5515147  12   0    0  0  0    0  0  0    0
 0.00      0.0000000      0.0000000      0.0000000   0   0    0  0  0    0  0  0    0
        -244.1705686        -282.9183532   81    1    0
    1            0.000000       0.000000       0.000021
    2            0.000000       0.000000       0.000011
    3            0.000000       0.000000       0.000000
    4            0.000000       0.000000       0.000024
    5            0.000000       0.000000       0.000020
    6            0.000000       0.000000      -0.000012
    7            0.000000       0.000000      -0.000020
    8            0.000000       0.000000       0.000012
    9            0.000000       0.000000       0.000000
   10            0.000000       0.000000      -0.000024
   11            0.000000       0.000000      -0.000021
   12            0.000000       0.000000      -0.000011
 2.00      2.1040000      0.0000000      0.0481810   1   0    0  0  0    0  0  0    0
 1.00      0.0000000      0.0000000      0.0451938   2   0    0  0  0    0  0  0    0
 1.00      2.1040000      0.0000000     -2.0673646   3   0    0  0  0    0  0  0    0
 2.00      0.0000000      0.0000000     -2.0677125   4   0    0  0  0    0  0  0    0
 2.00      2.1040000      0.0000000     -4.1903947   5   0    0  0  0    0  0  0    0
 1.00      0.0000000      0.0000000     -4.1904831   6   0    0  0  0    0  0  0    0
 1.00      2.1040000      0.0000000     -6.3128499   7   0    0  0  0    0  0  0    0
 2.00      0.0000000      0.0000000     -6.3129390   8   0    0  0  0    0  0  0    0
 2.00      2.1040000      0.0000000     -8.4356211   9   0    0  0  0    0  0  0    0
 1.00      0.0000000      0.0000000     -8.4359684  10   0    0  0  0    0  0  0    0
 1.00      2.1040000      0.0000000    -10.5485271  11   0    0  0  0    0  0  0    0
 2.00      0.0000000      0.0000000    -10.5515145  12   0    0  0  0    0  0  0    0
 0.00      0.0000000      0.0000000      0.0000000   0   0    0  0  0    0  0  0    0
        -244.1705686        -282.9183588   81    1    0
    1            0.000000       0.000000       0.000011
    2            0.000000       0.000000       0.000020
    3            0.000000       0.000000       0.000023
    4            0.000000       0.000000       0.000000
    5            0.000000       0.000000      -0.000011
    6            0.000000       0.000000       0.000019
    7            0.000000       0.000000       0.000011
    8            0.000000       0.000000      -0.000019
    9            0.000000       0.000000      -0.000023
   10            0.000000       0.000000       0.000000
   11            0.000000       0.000000      -0.000011
   12            0.000000       0.000000      -0.000020
 2.00      2.1040000      0.0000000      0.0481807   1   0    0  0  0    0  0  0    0
 1.00      0.0000000      0.0000000      0.0451933   2   0    0  0  0    0  0  0    0
 1.00      2.1040000      0.0000000     -2.0673652   3   0    0  0  0    0  0  0    0
 2.00      0.0000000      0.0000000     -2.0677125   4   0    0  0  0    0  0  0    0
 2.00      2.1040000      0.0000000     -4.1903944   5   0    0  0  0    0  0  0    0
 1.00      0.0000000      0.0000000     -4.1904836   6   0    0  0  0    0  0  0    0
 1.00      2.1040000      0.0000000     -6.3128501   7   0    0  0  0    0  0  0    0
 2.00      0.0000000      0.0000000     -6.3129386   8   0    0  0  0    0  0  0    0
 2.00      2.1040000      0.0000000     -8.4356206   9   0    0  0  0    0  0  0    0
 1.00      0.0000000      0.0000000     -8.4359684  10   0    0  0  0    0  0  0    0
 1.00      2.1040000      0.0000000    -10.5485268  11   0    0  0  0    0  0  0    0
 2.00      0.0000000      0.0000000    -10.5515140  12   0    0  0  0    0  0  0    0
 0.00      0.0000000      0.0000000      0.0000000   0   0    0  0  0    0  0  0    0
        -244.1705686        -282.9183643   81    1    0
    1            0.000000       0.000000       0.000020
    2            0.000000       0.000000       0.000011
    3            0.000000       0.000000       0.000000
    4            0.000000       0.000000       0.000022
    5            0.000000       0.000000       0.000019
    6            0.000000       0.000000      -0.000011
    7            0.000000       0.000000      -0.000019
    8            0.000000       0.000000       0.000011
    9            0.000000       0.000000       0.000000
   10            0.000000       0.000000      -0.000022
   11            0.000000       0.000000      -0.000020
   12            0.000000       0.000000      -0.000011
 2.00      2.1040000      0.0000000      0.0481803   1   0    0  0  0    0  0  0    0
 1.00      0.0000000      0.0000000      0.0451931   2   0    0  0  0    0  0  0    0
 1.00      2.1040000      0.0000000     -2.0673652   3   0    0  0  0    0  0  0    0
 2.00      0.0000000      0.0000000     -2.0677131   4   0    0  0  0    0  0  0    0
 2.00      2.1040000      0.0000000     -4.1903949   5   0    0  0  0    0  0  0    0
 1.00      0.0000000      0.0000000     -4.1904833   6   0    0  0  0    0  0  0    0
 1.00      2.1040000      0.0000000     -6.3128497   7   0    0  0  0    0  0  0    0
 2.00      0.0000000      0.0000000     -6.3129388   8   0    0  0  0    0  0  0    0
 2.00      2.1040000      0.0000000     -8.4356206   9   0    0  0  0    0  0  0    0
 1.00      0.0000000      0.0000000     -8.4359679  10   0    0  0  0    0  0  0    0
 1.00      2.1040000      0.0000000    -10.5485263  11   0    0  0  0    0  0  0    0
 2.00      0.0000000      0.0000000    -10.5515137  12   0    0  0  0    0  0  0    0
 0.00      0.0000000      0.0000000      0.0000000   0   0    0  0  0    0  0  0    0
        -244.1705686        -282.9183696   81    1    0
    1            0.000000       0.000000       0.000010
    2            0.000000       0.000000       0.000019
    3            0.000000       0.000000       0.000021
    4            0.000000       0.000000       0.000000
    5            0.000000       0.000000      -0.000010
    6            0.000000       0.000000       0.000018
    7            0.000000       0.000000       0.000010
    8            0.000000       0.000000      -0.000018
    9            0.000000       0.000000      -0.000021
   10            0.000000       0.000000       0.000000
   11            0.000000       0.000000      -0.000010
   12            0.000000       0.000000      -0.000019
 2.00      2.1040000      0.0000000      0.0481800   1   0    0  0  0    0  0  0    0
 1.00      0.0000000      0.0000000      0.0451926   2   0    0  0  0    0  0  0    0
 1.00      2.1040000      0.0000000     -2.0673657   3   0    0  0  0    0  0  0    0
 2.00      0.0000000      0.0000000     -2.0677131   4   0    0  0  0    0  0  0    0
 2.00      2.1040000      0.0000000     -4.1903946   5   0    0  0  0    0  0  0    0
 1.00      0.0000000      0.0000000     -4.1904838   6   0    0  0  0    0  0  0    0
 1.00      2.1040000      0.0000000     -6.3128499   7   0    0  0  0    0  0  0    0
 2.00      0.0000000      0.0000000     -6.3129384   8   0    0  0  0    0  0  0    0
 2.00      2.1040000      0.0000000     -8.4356200   9   0    0  0  0    0  0  0    0
 1.00      0.0000000      0.0000000     -8.4359679  10   0    0  0  0    0  0  0    0
 1.00      2.1040000      0.0000000    -10.5485261  11   0    0  0  0    0  0  0    0
 2.00      0.0000000      0.0000000    -10.5515133  12   0    0  0  0    0  0  0    0
 0.00      0.0000000      0.0000000      0.0000000   0   0    0  0  0    0  0  0    0
        -244.1705686        -282.9183748   81    1    0
    1            0.000000       0.000000       0.000019
    2            0.000000       0.000000       0.000010
    3            0.000000       0.000000       0.000000
    4            0.000000       0.000000       0.000021
    5            0.000000       0.000000       0.000018
    6            0.000000       0.000000      -0.000010
    7            0.000000       0.000000      -0.000018
    8            0.000000       0.000000       0.000010
    9            0.000000       0.000000       0.000000
   10            0.000000       0.000000      -0.000021
   11            0.000000       0.000000      -0.000019
   12            0.000000       0.000000      -0.000010
 2.00      2.1040000      0.0000000      0.0481796   1   0    0  0  0    0  0  0    0
 1.00      0.0000000      0.0000000      0.0451924   2   0    0  0  0    0  0  0    0
 1.00      2.1040000      0.0000000     -2.0673657   3   0    0  0  0    0  0  0    0
 2.00      0.0000000      0.0000000     -2.0677136   4   0    0  0  0    0  0  0    0
 2.00      2.1040000      0.0000000     -4.1903950   5   0    0  0  0    0  0  0    0
 1.00      0.0000000      0.0000000 