&UNIQUE_ATOM_BASISSET
  LMAX_OB     = 3
  LMAX_CH     = 6
  LMAX_PSEUDO = 5
  ZC          = 60
/UNIQUE_ATOM_BASISSET

# Basis = Stuttgart RSC 1997 ECP
# URANIUM (12s,11p,10d,8f) -> [8s,7p,6d,4f]
# URANIUM (12s,11p,10d,8f) -> [8s,7p,6d,4f]
# s functions
&UNIQUE_ATOM_BASIS
  N_EXPONENTS         = 12
  N_CONTRACTED_FCTS   = 8
  N_UNCONTRACTED_FCTS = 0
/UNIQUE_ATOM_BASIS
1534.9336 227.74838 30.696831 18.170626 10.813537 %
2.733298 1.431498 0.615298 0.286639 0.07117 %
0.030539 0.005 
0.00092 0.003682 -0.150231 0.903995 -1.485922 %
1.124404 0.351076 0.0 0.0 0.0 %
0.0 0.0 
-0.000695 -0.002293 0.072444 -0.490559 0.88984 %
-1.115758 -0.33365 0.0 0.0 0.0 %
0.0 0.0 
0.000223 0.000722 -0.021702 0.149796 -0.27611 %
0.376579 0.124408 0.0 0.0 0.0 %
0.0 0.0 
0.0 0.0 0.0 0.0 0.0 %
0.0 0.0 1.0 0.0 0.0 %
0.0 0.0 
0.0 0.0 0.0 0.0 0.0 %
0.0 0.0 0.0 1.0 0.0 %
0.0 0.0 
0.0 0.0 0.0 0.0 0.0 %
0.0 0.0 0.0 0.0 1.0 %
0.0 0.0 
0.0 0.0 0.0 0.0 0.0 %
0.0 0.0 0.0 0.0 0.0 %
1.0 0.0 
0.0 0.0 0.0 0.0 0.0 %
0.0 0.0 0.0 0.0 0.0 %
0.0 1.0 

# p functions
&UNIQUE_ATOM_BASIS
  N_EXPONENTS         = 11
  N_CONTRACTED_FCTS   = 7
  N_UNCONTRACTED_FCTS = 0
/UNIQUE_ATOM_BASIS
553.34525 109.25501 23.47603 6.794472 5.432319 %
2.702169 1.493857 0.792817 0.351542 0.143962 %
0.005 
-0.00161 -0.011087 -0.046619 0.644153 -0.520455 %
-0.631154 0.0 0.0 0.0 0.0 %
0.0 
-0.001075 -0.008042 -0.027969 0.469049 -0.492639 %
-0.375766 0.0 0.0 0.0 0.0 %
0.0 
0.0 0.0 0.0 0.0 0.0 %
0.0 1.0 0.0 0.0 0.0 %
0.0 
0.0 0.0 0.0 0.0 0.0 %
0.0 0.0 1.0 0.0 0.0 %
0.0 
0.0 0.0 0.0 0.0 0.0 %
0.0 0.0 0.0 1.0 0.0 %
0.0 
0.0 0.0 0.0 0.0 0.0 %
0.0 0.0 0.0 0.0 1.0 %
0.0 
0.0 0.0 0.0 0.0 0.0 %
0.0 0.0 0.0 0.0 0.0 %
1.0 

# d functions
&UNIQUE_ATOM_BASIS
  N_EXPONENTS         = 10
  N_CONTRACTED_FCTS   = 6
  N_UNCONTRACTED_FCTS = 0
/UNIQUE_ATOM_BASIS
81.202858 18.325575 10.454699 3.666312 1.923349 %
0.989638 0.495346 0.204455 0.073273 0.005 
-0.00162 -0.025181 0.089632 -0.409429 -0.48226 %
-0.210903 0.0 0.0 0.0 0.0 
-0.000639 -0.007021 0.026642 -0.157132 -0.157572 %
-0.0011 0.0 0.0 0.0 0.0 
0.0 0.0 0.0 0.0 0.0 %
0.0 1.0 0.0 0.0 0.0 
0.0 0.0 0.0 0.0 0.0 %
0.0 0.0 1.0 0.0 0.0 
0.0 0.0 0.0 0.0 0.0 %
0.0 0.0 0.0 1.0 0.0 
0.0 0.0 0.0 0.0 0.0 %
0.0 0.0 0.0 0.0 1.0 

# f functions
&UNIQUE_ATOM_BASIS
  N_EXPONENTS         = 8
  N_CONTRACTED_FCTS   = 4
  N_UNCONTRACTED_FCTS = 0
/UNIQUE_ATOM_BASIS
55.334525 16.588649 4.757518 2.38755 1.130195 %
0.489535 0.18142 0.005 
0.001294 0.009857 0.130386 0.318083 0.395314 %
0.0 0.0 0.0 
0.0 0.0 0.0 0.0 0.0 %
1.0 0.0 0.0 
0.0 0.0 0.0 0.0 0.0 %
0.0 1.0 0.0 
0.0 0.0 0.0 0.0 0.0 %
0.0 0.0 1.0 

# ELEMENTS REFERENCES
# --------- ----------
# 
# ECP projector ul
&UNIQUE_ATOM_PSEUDOPOT N_EXPONENTS = 1/
2 
1.0 
0.0 

# ECP projector S
&UNIQUE_ATOM_PSEUDOPOT N_EXPONENTS = 1/
2 
16.41403869 
536.51662778 

# ECP projector P
&UNIQUE_ATOM_PSEUDOPOT N_EXPONENTS = 1/
2 
9.06055606 
169.54492465 

# ECP projector D
&UNIQUE_ATOM_PSEUDOPOT N_EXPONENTS = 1/
2 
8.83183198 
142.61559837 

# ECP projector F
&UNIQUE_ATOM_PSEUDOPOT N_EXPONENTS = 1/
2 
7.01851629 
60.39307602 

# ECP projector G
&UNIQUE_ATOM_PSEUDOPOT N_EXPONENTS = 1/
2 
12.80408844 
-60.12998958 

# dummy core density 
&UNIQUE_ATOM_CORE_DENSITY N_EXPONENTS = 1 /
-1.0
0.0
&UNIQUE_ATOM_CORE_DENSITY N_EXPONENTS = 1 /
-1.0
0.0

# r2 functions   CHARGEFIT
&UNIQUE_ATOM_BASIS
  N_EXPONENTS         = 0
  N_CONTRACTED_FCTS   = 0
  N_UNCONTRACTED_FCTS = 0
/UNIQUE_ATOM_BASIS

# s functions   CHARGEFIT
&UNIQUE_ATOM_BASIS
  N_EXPONENTS         = 18
  N_CONTRACTED_FCTS   = 14
  N_UNCONTRACTED_FCTS = 0
/UNIQUE_ATOM_BASIS
13742.500811 6430.0766389 3021.4532458 1425.4526776 675.0149482 %
320.7619151 152.913196 73.1109954 35.0491707 16.8426689 %
8.1107708 3.9130064 1.8907526 0.9147712 0.443018 %
0.2147032 0.1040976 0.0504783 
-0.0682131 0.2070076 -0.3483764 0.4607069 -0.5591836 %
0.0 0.0 0.0 0.0 0.0 %
0.0 0.0 0.0 0.0 0.0 %
0.0 0.0 0.0 
0.0 0.0 0.0 0.0 0.0 %
0.6690073 0.0 0.0 0.0 0.0 %
0.0 0.0 0.0 0.0 0.0 %
0.0 0.0 0.0 
0.0 0.0 0.0 0.0 0.0 %
0.0 -0.904547 0.0 0.0 0.0 %
0.0 0.0 0.0 0.0 0.0 %
0.0 0.0 0.0 
0.0 0.0 0.0 0.0 0.0 %
0.0 0.0 1.5492018 0.0 0.0 %
0.0 0.0 0.0 0.0 0.0 %
0.0 0.0 0.0 
0.0 0.0 0.0 0.0 0.0 %
0.0 0.0 0.0 -3.7437433 0.0 %
0.0 0.0 0.0 0.0 0.0 %
0.0 0.0 0.0 
0.0 0.0 0.0 0.0 0.0 %
0.0 0.0 0.0 0.0 11.3199319 %
0.0 0.0 0.0 0.0 0.0 %
0.0 0.0 0.0 
0.0 0.0 0.0 0.0 0.0 %
0.0 0.0 0.0 0.0 0.0 %
-23.4568529 0.0 0.0 0.0 0.0 %
0.0 0.0 0.0 
0.0 0.0 0.0 0.0 0.0 %
0.0 0.0 0.0 0.0 0.0 %
0.0 17.7306927 0.0 0.0 0.0 %
0.0 0.0 0.0 
0.0 0.0 0.0 0.0 0.0 %
0.0 0.0 0.0 0.0 0.0 %
0.0 0.0 0.6197485 0.0 0.0 %
0.0 0.0 0.0 
0.0 0.0 0.0 0.0 0.0 %
0.0 0.0 0.0 0.0 0.0 %
0.0 0.0 0.0 2.4223749 0.0 %
0.0 0.0 0.0 
0.0 0.0 0.0 0.0 0.0 %
0.0 0.0 0.0 0.0 0.0 %
0.0 0.0 0.0 0.0 0.7818863 %
0.0 0.0 0.0 
0.0 0.0 0.0 0.0 0.0 %
0.0 0.0 0.0 0.0 0.0 %
0.0 0.0 0.0 0.0 0.0 %
0.0658722 0.0 0.0 
0.0 0.0 0.0 0.0 0.0 %
0.0 0.0 0.0 0.0 0.0 %
0.0 0.0 0.0 0.0 0.0 %
0.0 0.1368805 0.0 
0.0 0.0 0.0 0.0 0.0 %
0.0 0.0 0.0 0.0 0.0 %
0.0 0.0 0.0 0.0 0.0 %
0.0 0.0 0.0055678 

# p functions   CHARGEFIT
&UNIQUE_ATOM_BASIS
  N_EXPONENTS         = 7
  N_CONTRACTED_FCTS   = 7
  N_UNCONTRACTED_FCTS = 0
/UNIQUE_ATOM_BASIS
6.9552087 3.5370285 1.6052354 0.7290126 0.3714938 %
0.1846626 0.0917923 
0.0472209 0.0 0.0 0.0 0.0 %
0.0 0.0 
0.0 -0.0926239 0.0 0.0 0.0 %
0.0 0.0 
0.0 0.0 0.0190479 0.0 0.0 %
0.0 0.0 
0.0 0.0 0.0 -0.0098887 0.0 %
0.0 0.0 
0.0 0.0 0.0 0.0 -0.0169677 %
0.0 0.0 
0.0 0.0 0.0 0.0 0.0 %
0.0367102 0.0 
0.0 0.0 0.0 0.0 0.0 %
0.0 0.0079083 

# d functions   CHARGEFIT
&UNIQUE_ATOM_BASIS
  N_EXPONENTS         = 7
  N_CONTRACTED_FCTS   = 7
  N_UNCONTRACTED_FCTS = 0
/UNIQUE_ATOM_BASIS
12.4181304 6.2504737 2.9525926 1.0056114 0.4336897 %
0.1949992 0.0790377 
-0.0109381 0.0 0.0 0.0 0.0 %
0.0 0.0 
0.0 0.0245074 0.0 0.0 0.0 %
0.0 0.0 
0.0 0.0 -0.0176787 0.0 0.0 %
0.0 0.0 
0.0 0.0 0.0 -0.0095659 0.0 %
0.0 0.0 
0.0 0.0 0.0 0.0 0.004186 %
0.0 0.0 
0.0 0.0 0.0 0.0 0.0 %
0.0142552 0.0 
0.0 0.0 0.0 0.0 0.0 %
0.0 0.0028594 

# f functions   CHARGEFIT
&UNIQUE_ATOM_BASIS
  N_EXPONENTS         = 6
  N_CONTRACTED_FCTS   = 6
  N_UNCONTRACTED_FCTS = 0
/UNIQUE_ATOM_BASIS
19.3287112 7.43412 2.859277 1.099722 0.1945902 %
0.0748424 
0.0039398 0.0 0.0 0.0 0.0 %
0.0 
0.0 -0.0089105 0.0 0.0 0.0 %
0.0 
0.0 0.0 0.0023839 0.0 0.0 %
0.0 
0.0 0.0 0.0 0.0023839 0.0 %
0.0 
0.0 0.0 0.0 0.0 -0.0042039 %
0.0 
0.0 0.0 0.0 0.0 0.0 %
-0.0003193 

# g functions   CHARGEFIT
&UNIQUE_ATOM_BASIS
  N_EXPONENTS         = 6
  N_CONTRACTED_FCTS   = 5
  N_UNCONTRACTED_FCTS = 0
/UNIQUE_ATOM_BASIS
13.4153824 5.9640005 3.0338553 1.2962023 0.5482603 %
0.2366082 
-0.0004489 0.0042541 0.0 0.0 0.0 %
0.0 
0.0 0.0 -0.0056753 0.0 0.0 %
0.0 
0.0 0.0 0.0 -0.0031094 0.0 %
0.0 
0.0 0.0 0.0 0.0 0.0037782 %
0.0 
0.0 0.0 0.0 0.0 0.0 %
0.0004199 

# h functions   CHARGEFIT
&UNIQUE_ATOM_BASIS
  N_EXPONENTS         = 3
  N_CONTRACTED_FCTS   = 2
  N_UNCONTRACTED_FCTS = 0
/UNIQUE_ATOM_BASIS
5.7338652 1.0802748 0.2903967 
0.0039814 -0.0043263 0.0 
0.0 0.0 -0.0013615 

# i functions   CHARGEFIT
&UNIQUE_ATOM_BASIS
  N_EXPONENTS         = 5
  N_CONTRACTED_FCTS   = 2
  N_UNCONTRACTED_FCTS = 0
/UNIQUE_ATOM_BASIS
9.3867906 4.25714 1.8187374 0.731914 0.3127078 
0.003019 0.0107616 0.0062808 0.0012325 0.0 
0.0 0.0 0.0 0.0 7.94e-05 

